0 0.15310294117647058 0.021845703125 0.16988235294117646 0.0279296875 0.1787279411764706 0.03927734375 0.18544117647058822 0.052646484375 0.18025735294117648 0.065615234375 0.17354411764705882 0.06966796875 0.16225 0.068857421875 0.15035294117647058 0.060751953125 0.15706617647058824 0.048994140625 0.14944117647058824 0.033193359375 0.14883088235294117 0.029140625
0 0.12808088235294118 0.060341796875 0.14211764705882354 0.0648046875 0.1512720588235294 0.06115234375 0.15645588235294117 0.0498046875 0.15035294117647058 0.02955078125 0.133875 0.018603515625 0.12686029411764707 0.019013671875 0.11831617647058823 0.03076171875 0.11923529411764705 0.041298828125
0 0.13113235294117648 0.07087890625 0.1350955882352941 0.06439453125 0.1411985294117647 0.058720703125 0.15767647058823528 0.06318359375 0.16286029411764708 0.070068359375 0.1665220588235294 0.08546875 0.16622058823529412 0.0984375 0.1512720588235294 0.108974609375 0.13601470588235293 0.098837890625 0.12686029411764707 0.081416015625
0 0.16163970588235296 0.10330078125 0.17323529411764704 0.108564453125 0.18574264705882354 0.10451171875 0.19001470588235295 0.089521484375 0.1903235294117647 0.068447265625 0.18086764705882352 0.06439453125 0.1714044117647059 0.066826171875 0.16286029411764708 0.07615234375 0.1610294117647059 0.09640625
0 0.1845220588235294 0.109775390625 0.1945955882352941 0.11099609375 0.20436029411764706 0.097626953125 0.20405147058823528 0.084248046875 0.201 0.076552734375 0.19123529411764706 0.070478515625 0.19093382352941177 0.09154296875
0 0.19245588235294117 0.11220703125 0.18940441176470588 0.119501953125 0.19733823529411765 0.137333984375 0.20588235294117646 0.1365234375 0.2202205882352941 0.13693359375 0.2248014705882353 0.1255859375 0.22388235294117648 0.108974609375 0.2177794117647059 0.10005859375 0.20313970588235292 0.0984375
0 0.1903235294117647 0.1689453125 0.19733823529411765 0.1778515625 0.20558088235294117 0.1733984375 0.21625735294117648 0.1559765625 0.21472794117647057 0.146650390625 0.21350735294117648 0.139365234375 0.201 0.137333984375 0.19398529411764706 0.146650390625 0.19001470588235295 0.1604296875
0 0.1967279411764706 0.180283203125 0.1979485294117647 0.1940625 0.21381617647058826 0.195283203125 0.2275441176470588 0.186767578125 0.2336470588235294 0.17826171875 0.23059558823529414 0.16732421875 0.22297058823529411 0.159619140625 0.21625735294117648 0.156787109375 0.2049705882352941 0.174208984375
0 0.20191911764705883 0.19123046875 0.2104558823529412 0.187578125 0.22174999999999997 0.1863671875 0.22907352941176473 0.19568359375 0.23303676470588236 0.211083984375 0.22846323529411763 0.2309375 0.21838970588235293 0.23580078125 0.208625 0.231748046875 0.19916911764705883 0.2212109375 0.1967279411764706 0.202978515625
0 0.29527941176470585 0.146650390625 0.30564705882352944 0.152734375 0.3145 0.18150390625 0.30656617647058826 0.19447265625 0.2998529411764706 0.19609375 0.28825735294117644 0.186767578125 0.2821544117647059 0.163671875
0 0.2748382352941176 0.16408203125 0.26873529411764707 0.17501953125 0.2720882352941177 0.187578125 0.27330882352941177 0.196494140625 0.2830735294117647 0.201357421875 0.28856617647058824 0.189609375 0.2812426470588235 0.164892578125
0 0.31724264705882355 0.182314453125 0.322125 0.17947265625 0.33433088235294117 0.182314453125 0.33433088235294117 0.20865234375 0.3245661764705883 0.21796875 0.3114485294117647 0.21796875 0.3038235294117647 0.198115234375
0 0.30808823529411766 0.149892578125 0.3175514705882353 0.137744140625 0.33005882352941174 0.150703125 0.3328014705882353 0.17380859375 0.32334558823529413 0.181904296875 0.3145 0.175419921875
0 0.2315073529411765 0.025087890625 0.2458529411764706 0.03279296875 0.25408823529411767 0.047783203125 0.2504264705882353 0.078984375 0.24158088235294117 0.07857421875 0.22541176470588237 0.061962890625 0.21899999999999997 0.05466796875 0.22174999999999997 0.03765625
0 0.24646323529411765 0.0408984375 0.25408823529411767 0.025498046875 0.26903676470588234 0.0344140625 0.26903676470588234 0.060751953125 0.26171323529411766 0.06115234375 0.2504264705882353 0.057509765625
0 0.3982352941176471 0.2490625 0.38497058823529406 0.277255859375 0.4058161764705882 0.2938671875 0.4149117647058823 0.283291015625 0.4149117647058823 0.26466796875
0 0.42059558823529414 0.28732421875 0.43765441176470593 0.316513671875 0.43613235294117647 0.339169921875 0.42514705882352943 0.335146484375 0.4073308823529412 0.312998046875 0.4073308823529412 0.296376953125
0 0.27732352941176475 0.030087890625 0.2721176470588235 0.010244140625 0.3084044117647059 0.024052734375 0.31181617647058824 0.068857421875 0.28831617647058827 0.048720703125 0.27997794117647057 0.048720703125
0 0.28452941176470586 0.050224609375 0.2739191176470588 0.0577734375 0.2769485294117647 0.0713671875 0.2807352941176471 0.085966796875 0.29552205882352944 0.091005859375 0.3046176470588235 0.083447265625 0.30158088235294117 0.064326171875 0.29097058823529415 0.050224609375
0 0.28452941176470586 0.099560546875 0.29248529411764707 0.099560546875 0.3034779411764706 0.130771484375 0.2932426470588235 0.145869140625 0.27429411764705885 0.130771484375 0.2761911764705882 0.104091796875
0 0.3110588235294118 0.0446875 0.3212941176470588 0.03865234375 0.33455882352941174 0.04720703125 0.3330441176470588 0.017509765625 0.32319117647058826 0.0099609375 0.3076470588235294 0.017001953125 0.3072720588235294 0.03412109375
0 0.31863970588235296 0.0804296875 0.33455882352941174 0.078916015625 0.33228676470588236 0.054755859375 0.3220514705882353 0.041669921875 0.3110588235294118 0.0451953125 0.31257352941176475 0.065830078125
0 0.39596323529411764 0.020029296875 0.40316176470588233 0.006435546875 0.4179411764705882 0.004423828125 0.42931617647058823 0.0225390625 0.4289338235294118 0.03361328125 0.41452941176470587 0.03865234375 0.4027794117647059 0.03865234375
0 0.40694852941176474 0.0451953125 0.40316176470588233 0.0628125 0.40808823529411764 0.0758984375 0.41756617647058825 0.076904296875 0.43272794117647057 0.061806640625 0.4281764705882353 0.03361328125 0.4156691176470588 0.037646484375
0 0.43158823529411766 0.019013671875 0.4494044117647059 0.026064453125 0.4550882352941176 0.048212890625 0.45091911764705883 0.06080078125 0.43841176470588233 0.0633203125 0.4274191176470588 0.039150390625
0 0.3804191176470588 0.071875 0.3982352941176471 0.078916015625 0.40543382352941176 0.1111328125 0.39102941176470585 0.12271484375 0.37473529411764706 0.108115234375 0.3694264705882353 0.085966796875 0.38534558823529413 0.066337890625
0 0.36980882352941175 0.095029296875 0.34555147058823527 0.086474609375 0.340625 0.11818359375 0.35388970588235297 0.135302734375 0.36715441176470587 0.12724609375
0 0.3713235294117647 0.1156640625 0.39179411764705885 0.121201171875 0.3982352941176471 0.1378125 0.3955808823529412 0.1564453125 0.3739779411764706 0.15392578125 0.3663970588235294 0.13126953125
0 0.36753676470588237 0.166005859375 0.38231617647058824 0.197216796875 0.3974779411764706 0.1871484375 0.38875735294117647 0.15794921875 0.3766323529411765 0.15341796875
0 0.3902720588235294 0.1609765625 0.4046764705882353 0.199736328125 0.42021323529411764 0.20224609375 0.4289338235294118 0.185634765625 0.4259044117647059 0.170029296875 0.41604411764705884 0.1554296875 0.4061911764705882 0.152412109375
0 0.4065735294117647 0.1111328125 0.4156691176470588 0.110634765625 0.4168088235294118 0.125234375 0.41339705882352945 0.143349609375 0.4043014705882353 0.14486328125 0.39709558823529406 0.1337890625 0.39216911764705886 0.121708984375 0.40240441176470587 0.111640625
0 0.4043014705882353 0.25107421875 0.4043014705882353 0.237490234375 0.41832352941176465 0.23396484375 0.43424264705882354 0.2405078125 0.43575735294117646 0.2541015625 0.42931617647058823 0.2666796875 0.41301470588235295 0.272724609375 0.412639705882353 0.263662109375
0 0.4281764705882353 0.27171875 0.42666176470588235 0.29185546875 0.43841176470588233 0.3155078125 0.4494044117647059 0.316513671875 0.4535735294117647 0.297890625 0.4505367647058824 0.281279296875 0.44030147058823527 0.26970703125 0.43272794117647057 0.2671875
0 0.4380294117647059 0.26466796875 0.44409558823529416 0.2576171875 0.45736029411764706 0.261142578125 0.46455882352941175 0.2802734375 0.4554632352941176 0.290341796875 0.4497794117647059 0.283798828125
0 0.48919852941176467 0.2666796875 0.4971544117647059 0.25359375 0.5145955882352942 0.27373046875 0.517625 0.297392578125 0.5013235294117647 0.312490234375 0.49374264705882354 0.303427734375
0 0.49488235294117644 0.252587890625 0.49905147058823535 0.23849609375 0.5077720588235295 0.23546875 0.5236911764705883 0.23849609375 0.5343014705882353 0.263154296875 0.5271029411764706 0.270205078125 0.5161102941176471 0.274736328125
0 0.5217941176470589 0.299404296875 0.5358161764705882 0.308466796875 0.542639705882353 0.294365234375 0.5361985294117647 0.264169921875 0.5145955882352942 0.2757421875 0.516485294117647 0.297392578125
0 0.5070147058823529 0.159462890625 0.517625 0.16701171875 0.5183823529411765 0.1780859375 0.5236911764705883 0.199736328125 0.5126985294117647 0.20728515625 0.5051176470588236 0.197216796875 0.4952647058823529 0.188154296875 0.4929852941176471 0.172548828125 0.49488235294117644 0.1644921875
0 0.5210367647058823 0.1690234375 0.5263382352941177 0.1564453125 0.5445367647058824 0.1564453125 0.5540073529411765 0.176572265625 0.5490808823529412 0.18513671875 0.5392279411764707 0.2007421875 0.5274779411764706 0.201240234375
0 0.5399852941176471 0.2087890625 0.5433970588235294 0.22087890625 0.5589338235294118 0.228427734375 0.5722058823529412 0.212314453125 0.5805441176470588 0.198720703125 0.5631029411764706 0.1871484375 0.5452941176470588 0.18060546875
0 0.5070147058823529 0.1519140625 0.5191397058823529 0.156943359375 0.5346764705882353 0.152919921875 0.5365735294117647 0.128759765625 0.5343014705882353 0.1201953125 0.5202794117647059 0.10962890625 0.5073897058823529 0.117177734375
0 0.5593161764705882 0.107109375 0.5706838235294117 0.116171875 0.5885 0.1201953125 0.5907720588235295 0.1030859375 0.5831911764705883 0.08546875 0.5684117647058823 0.07841796875 0.5559044117647058 0.09150390625
0 0.5885 0.121708984375 0.5949411764705882 0.13328125 0.5850882352941177 0.1428515625 0.5653823529411764 0.15140625 0.5559044117647058 0.138818359375 0.5502205882352941 0.115166015625 0.5608308823529412 0.10912109375 0.5892573529411764 0.115166015625
0 0.5953235294117647 0.117177734375 0.6066911764705882 0.12271484375 0.6180661764705883 0.10962890625 0.6135147058823529 0.095029296875 0.6044191176470588 0.08748046875 0.5835735294117647 0.088984375 0.5839558823529412 0.102578125
0 0.6449705882352941 0.18060546875 0.660514705882353 0.186142578125 0.6718823529411765 0.20224609375 0.6684705882352941 0.22037109375 0.6495220588235294 0.2178515625 0.6355 0.212822265625 0.633985294117647 0.18966796875
0 0.6162132352941176 0.17248046875 0.6330367647058823 0.17455078125 0.6370882352941177 0.2055859375 0.6199558823529412 0.21427734375 0.6112279411764706 0.2084765625 0.6056176470588235 0.187373046875
0 0.45669117647058827 0.079375 0.46105147058823526 0.10833984375 0.48473529411764704 0.118681640625 0.49065441176470587 0.097578125 0.48660294117647057 0.085166015625 0.4660367647058823 0.06861328125 0.4557573529411765 0.071103515625
0 0.6651323529411765 0.18572265625 0.6772794117647059 0.17041015625 0.6916102941176471 0.182822265625 0.6994044117647059 0.20765625 0.6816397058823529 0.225029296875 0.6698014705882352 0.21427734375 0.6729191176470588 0.204755859375
0 0.6392720588235294 0.220478515625 0.6358455882352941 0.23248046875 0.6364632352941176 0.244482421875 0.6264926470588235 0.25689453125 0.6137205882352941 0.23662109375 0.6062426470588236 0.208896484375 0.6102941176470589 0.202275390625 0.6211985294117648 0.202685546875 0.6349044117647059 0.211376953125
0 0.6349044117647059 0.251103515625 0.6529779411764706 0.2655859375 0.6579632352941177 0.273857421875 0.6476838235294118 0.290830078125 0.6314779411764706 0.287099609375 0.6211985294117648 0.2796484375 0.6221323529411765 0.258134765625
0 0.6526691176470588 0.259375 0.6660661764705883 0.253583984375 0.6635735294117647 0.22544921875 0.6660661764705883 0.22171875 0.6408308823529412 0.220478515625 0.6355294117647059 0.2320703125 0.6361544117647059 0.251513671875 0.6473676470588235 0.25896484375
0 0.5657426470588235 0.29455078125 0.5750882352941177 0.308203125 0.5701029411764706 0.333857421875 0.5554558823529412 0.337998046875 0.5520294117647059 0.317724609375 0.5495367647058823 0.297861328125
0 0.5034264705882353 0.315244140625 0.5068529411764706 0.333037109375 0.5190073529411765 0.33923828125 0.5314705882352941 0.3326171875 0.5317794117647059 0.31068359375 0.5186911764705882 0.297861328125
0 0.5760220588235294 0.30572265625 0.588485294117647 0.3032421875 0.6025073529411764 0.32806640625 0.6025073529411764 0.338408203125 0.5937794117647058 0.345859375 0.5806985294117647 0.35455078125 0.5719705882352941 0.3367578125
0 0.5937794117647058 0.2991015625 0.6015735294117647 0.29041015625 0.619014705882353 0.292890625 0.6261838235294118 0.302822265625 0.6258750000000001 0.320615234375 0.6205735294117647 0.329306640625 0.604375 0.330546875 0.5903529411764706 0.306552734375
0 0.6034411764705881 0.33509765625 0.6109191176470589 0.331787109375 0.624625 0.348759765625 0.6230661764705883 0.368623046875 0.6152794117647059 0.37689453125 0.6009485294117647 0.380615234375 0.5965882352941176 0.371103515625 0.5940955882352942 0.346689453125 0.599389705882353 0.335927734375
0 0.5551470588235294 0.340478515625 0.5557720588235294 0.3661328125 0.5557720588235294 0.3855859375 0.5651176470588235 0.40130859375 0.5747720588235294 0.384755859375 0.5788235294117647 0.353310546875 0.5722867647058824 0.333447265625
0 0.5311544117647059 0.33923828125 0.5401911764705882 0.351240234375 0.5445514705882353 0.373583984375 0.5507867647058824 0.37689453125 0.5557720588235294 0.376064453125 0.5545220588235293 0.338408203125 0.5529632352941176 0.316484375 0.5420588235294118 0.302412109375 0.5314705882352941 0.3061328125
0 0.5249264705882353 0.34130859375 0.5224338235294118 0.35703125 0.5205661764705882 0.37275390625 0.5211838235294117 0.37896484375 0.5327132352941176 0.387236328125 0.5442426470588235 0.375654296875 0.5401911764705882 0.35248046875 0.5320882352941176 0.339658203125
0 0.48972058823529413 0.3591015625 0.5034264705882353 0.36572265625 0.5065441176470588 0.384345703125 0.5084117647058823 0.398828125 0.5062279411764706 0.40544921875 0.49252205882352945 0.409169921875 0.4819264705882353 0.390546875 0.4806838235294118 0.376064453125
0 0.4685294117647059 0.380205078125 0.4744485294117647 0.37689453125 0.4785 0.377724609375 0.4819264705882353 0.391787109375 0.4875367647058823 0.406689453125 0.4844191176470588 0.4232421875 0.47383088235294113 0.426962890625 0.46541911764705884 0.42158203125 0.4635441176470588 0.400068359375
0 0.6018823529411764 0.231650390625 0.6211985294117648 0.25689453125 0.6233823529411764 0.282958984375 0.6090514705882353 0.2796484375 0.5900441176470589 0.25275390625 0.5916029411764706 0.237861328125 0.598764705882353 0.231240234375
0 0.6782132352941177 0.256064453125 0.6916102941176471 0.246552734375 0.708125 0.255654296875 0.7040735294117647 0.28171875 0.6863161764705882 0.289169921875 0.6803970588235294 0.27923828125
0 0.6461250000000001 0.3653125 0.6582720588235295 0.366962890625 0.6716691176470588 0.375244140625 0.6685588235294118 0.40751953125 0.6567205882352941 0.419931640625 0.64675 0.4149609375 0.6414485294117647 0.39716796875 0.6423823529411765 0.373994140625
0 0.5760220588235294 0.382685546875 0.588485294117647 0.39013671875 0.5962720588235294 0.375654296875 0.5956470588235294 0.3479296875 0.579139705882353 0.35455078125
0 0.5934705882352941 0.38103515625 0.5872352941176471 0.397587890625 0.5866176470588235 0.417451171875 0.5906691176470588 0.428623046875 0.603125 0.4261328125 0.6140294117647059 0.41 0.6124779411764706 0.391376953125 0.6124779411764706 0.37896484375
0 0.6137205882352941 0.436484375 0.6268088235294118 0.436064453125 0.6370882352941177 0.439375 0.641139705882353 0.422822265625 0.641139705882353 0.406689453125 0.6333529411764706 0.40337890625 0.6224485294117647 0.405029296875 0.6159044117647059 0.40833984375 0.608735294117647 0.4191015625 0.6084264705882353 0.43482421875
0 0.5838088235294118 0.431513671875 0.5965882352941176 0.4261328125 0.609360294117647 0.4273828125 0.6099852941176471 0.44765625 0.6040661764705882 0.462548828125 0.5928455882352941 0.465859375 0.584125 0.449306640625
0 0.6694926470588235 0.406689453125 0.683514705882353 0.420341796875 0.6916102941176471 0.40171875 0.6913014705882352 0.379375 0.6838235294117647 0.375654296875 0.6735441176470588 0.3744140625 0.6688676470588235 0.41248046875
0 0.687875 0.379794921875 0.703764705882353 0.375244140625 0.70875 0.3702734375 0.7034485294117647 0.355380859375 0.6969117647058823 0.34833984375 0.6869411764705883 0.34751953125 0.6785294117647058 0.352890625 0.6772794117647059 0.366962890625 0.6831985294117647 0.3744140625
0 0.6894338235294117 0.415380859375 0.7018970588235295 0.415380859375 0.7115514705882353 0.43234375 0.713110294117647 0.442685546875 0.6978455882352942 0.4608984375 0.6866249999999999 0.44517578125 0.6819558823529412 0.4344140625 0.6825808823529411 0.422412109375
0 0.6635735294117647 0.473720703125 0.6791470588235294 0.48283203125 0.6965955882352941 0.46296875 0.6853823529411764 0.4414453125 0.6735441176470588 0.439375 0.6632573529411765 0.448896484375 0.6607647058823529 0.46337890625
0 0.677904411764706 0.506826171875 0.6856911764705882 0.51923828125 0.6941029411764706 0.524619140625 0.7015808823529411 0.517587890625 0.704389705882353 0.495654296875 0.6975294117647058 0.48158203125 0.6841323529411765 0.480341796875 0.6772794117647059 0.493173828125
0 0.629610294117647 0.510966796875 0.6389558823529412 0.50724609375 0.6495514705882353 0.515927734375 0.6489264705882353 0.53248046875 0.6458161764705882 0.546962890625 0.6314779411764706 0.546142578125 0.6215073529411764 0.528349609375 0.6230661764705883 0.51716796875
0 0.6495514705882353 0.515517578125 0.6595220588235294 0.51013671875 0.667625 0.51634765625 0.667 0.53166015625 0.6685588235294118 0.546142578125 0.6582720588235295 0.550693359375 0.6476838235294118 0.5473828125 0.6476838235294118 0.534140625
0 0.6009485294117647 0.46544921875 0.6152794117647059 0.467099609375 0.6258750000000001 0.4720703125 0.6361544117647059 0.464619140625 0.6361544117647059 0.446826171875 0.6261838235294118 0.437724609375 0.608735294117647 0.435654296875 0.6106029411764705 0.447236328125
0 0.374125 0.306962890625 0.3816029411764706 0.29869140625 0.39562499999999995 0.3144140625 0.3990514705882353 0.337998046875 0.3946911764705882 0.353720703125 0.3862794117647059 0.34171875 0.36820588235294116 0.34626953125 0.3713235294117647 0.3297265625
0 0.39749264705882353 0.3173046875 0.4077794117647059 0.3144140625 0.4264705882352941 0.3346875 0.4174338235294118 0.355380859375 0.40091911764705884 0.353720703125 0.39531617647058825 0.35248046875 0.4003014705882353 0.33634765625
0 0.4825514705882353 0.431103515625 0.4894044117647059 0.44392578125 0.5015588235294117 0.44765625 0.5093455882352942 0.42986328125 0.5059191176470588 0.406689453125 0.48972058823529413 0.40958984375
0 0.5934705882352941 0.466689453125 0.5914264705882353 0.49951171875 0.6044411764705883 0.510322265625 0.622985294117647 0.494326171875 0.6255882352941177 0.475751953125 0.6083455882352942 0.46322265625 0.5989044117647059 0.464951171875
0 0.10827941176470587 0.2851953125 0.12226470588235294 0.28994140625 0.1291029411764706 0.311552734375 0.12454411764705882 0.326240234375 0.11380882352941177 0.326240234375 0.10209558823529412 0.31025390625 0.09461029411764706 0.293828125 0.10111764705882353 0.28865234375
0 0.0851764705882353 0.3137109375 0.09981617647058824 0.3210546875 0.107625 0.34611328125 0.09981617647058824 0.358212890625 0.08810294117647058 0.358212890625 0.08225 0.34828125 0.07281617647058823 0.33748046875 0.07183823529411765 0.323212890625
0 0.09136029411764705 0.35994140625 0.11478676470588237 0.360380859375 0.1271470588235294 0.3698828125 0.13040441176470588 0.38759765625 0.11966176470588236 0.403583984375 0.10860294117647058 0.400126953125 0.09136029411764705 0.389326171875 0.07834558823529411 0.37376953125 0.0796470588235294 0.363837890625
0 0.12161764705882354 0.349140625 0.13788235294117648 0.361669921875 0.1489485294117647 0.358212890625 0.151875 0.33748046875 0.14374264705882353 0.32365234375 0.13463235294117645 0.321484375 0.1265 0.32494140625 0.11999264705882352 0.336611328125
0 0.14536764705882352 0.36296875 0.15772794117647057 0.378095703125 0.15708088235294118 0.39408203125 0.1508970588235294 0.40099609375 0.13658088235294116 0.395380859375 0.1287720588235294 0.38328125 0.128125 0.367724609375 0.13267647058823528 0.361240234375
0 0.15545588235294117 0.3409375 0.16521323529411763 0.33748046875 0.1766029411764706 0.34611328125 0.1766029411764706 0.36599609375 0.1759485294117647 0.384580078125 0.15772794117647057 0.381982421875 0.1456911764705882 0.362109375 0.15025 0.356484375
0 0.059470588235294115 0.368154296875 0.07151470588235294 0.368583984375 0.07899264705882353 0.392353515625 0.07736764705882353 0.403154296875 0.06761029411764706 0.412666015625 0.0585 0.4113671875 0.04386029411764706 0.39796875 0.04288235294117647 0.381123046875 0.048088235294117654 0.376796875
0 0.07802205882352942 0.405751953125 0.09070588235294118 0.420869140625 0.10013970588235294 0.4398828125 0.09602205882352942 0.45076171875 0.08333088235294117 0.444296875 0.07346323529411765 0.444208984375 0.07346323529411765 0.4398828125 0.06695588235294118 0.42822265625 0.06533088235294117 0.412666015625
0 0.09266176470588235 0.389765625 0.08875735294117647 0.404453125 0.09591176470588235 0.420439453125 0.10990441176470588 0.437294921875 0.12129411764705883 0.441611328125 0.12616911764705882 0.43296875 0.12291911764705882 0.410068359375 0.11803676470588235 0.402294921875 0.10534558823529412 0.40099609375
0 0.11055147058823529 0.340498046875 0.11869117647058823 0.343525390625 0.1265 0.354326171875 0.13625735294117647 0.3625390625 0.1284485294117647 0.372041015625 0.11511029411764706 0.361669921875 0.11250735294117646 0.350009765625
0 0.043529411764705886 0.411796875 0.05784558823529412 0.423037109375 0.06858088235294117 0.444208984375 0.05622058823529411 0.455439453125 0.04548529411764706 0.45068359375 0.0383235294117647 0.4398828125 0.0383235294117647 0.430380859375
0 0.05263970588235294 0.458896484375 0.056874999999999995 0.472294921875 0.06793382352941177 0.476611328125 0.07346323529411765 0.493896484375 0.08647794117647059 0.494326171875 0.08940441176470589 0.47791015625 0.08127205882352942 0.46365234375 0.07053676470588235 0.455869140625 0.060772058823529415 0.4537109375
0 0.16066176470588237 0.542294921875 0.16423529411764706 0.563896484375 0.16358823529411765 0.58205078125 0.1512205882352941 0.5863671875 0.13886029411764705 0.57599609375 0.13658088235294116 0.549208984375 0.14406617647058825 0.5366796875 0.15545588235294117 0.53322265625
0 0.16098529411764706 0.586796875 0.16749264705882352 0.60279296875 0.17172058823529412 0.622236328125 0.1600073529411765 0.628720703125 0.14471323529411764 0.6205078125 0.13658088235294116 0.599765625 0.14601470588235296 0.58248046875 0.15057352941176472 0.585078125
0 0.16391176470588234 0.542724609375 0.1713970588235294 0.5440234375 0.18538235294117647 0.552236328125 0.18896323529411765 0.563466796875 0.18896323529411765 0.58982421875 0.18538235294117647 0.6066796875 0.17952941176470588 0.607978515625 0.16944117647058823 0.601494140625 0.16293382352941177 0.583349609375 0.16586764705882354 0.562607421875
0 0.19872794117647058 0.60279296875 0.21238970588235295 0.59025390625 0.219875 0.5859375 0.22833088235294116 0.6001953125 0.23419117647058824 0.607978515625 0.23483823529411765 0.6213671875 0.223125 0.63087890625 0.20686029411764706 0.632177734375 0.19709558823529413 0.625263671875 0.1954705882352941 0.615322265625
0 0.15252205882352943 0.534951171875 0.15252205882352943 0.513779296875 0.16033088235294118 0.501240234375 0.17269852941176472 0.502109375 0.17985294117647058 0.50642578125 0.18701470588235294 0.5293359375 0.1766029411764706 0.54748046875 0.17106617647058825 0.5440234375
0 0.22019852941176474 0.50556640625 0.23125735294117647 0.493466796875 0.2462279411764706 0.493037109375 0.2520808823529412 0.5159375 0.2462279411764706 0.532353515625 0.22214705882352942 0.531923828125 0.21629411764705883 0.52025390625
0 0.22475 0.4748828125 0.23125735294117647 0.48482421875 0.23321323529411767 0.49216796875 0.22084558823529413 0.50513671875 0.21271323529411768 0.504697265625 0.20718382352941175 0.5016796875 0.20523529411764707 0.48828125 0.21173529411764705 0.47748046875
0 0.22247794117647057 0.465380859375 0.22800735294117644 0.448095703125 0.23776470588235296 0.44291015625 0.2471985294117647 0.44376953125 0.25240441176470585 0.45630859375 0.24785294117647058 0.4740234375 0.23874264705882353 0.486552734375 0.2260514705882353 0.47791015625
0 0.04580882352941176 0.63087890625 0.05784558823529412 0.643408203125 0.06858088235294117 0.65291015625 0.07802205882352942 0.670634765625 0.07541911764705882 0.681435546875 0.06110294117647058 0.68056640625 0.048411764705882356 0.6758203125 0.04320588235294118 0.6563671875 0.03897794117647059 0.6425390625 0.039625 0.6351953125
0 0.09428676470588235 0.640380859375 0.10892647058823528 0.646865234375 0.11803676470588235 0.66587890625 0.11803676470588235 0.682734375 0.10827941176470587 0.688349609375 0.09298529411764705 0.681865234375 0.08127205882352942 0.671494140625 0.08289705882352941 0.64859375 0.08615441176470588 0.64513671875
0 0.11511029411764706 0.68359375 0.11738970588235295 0.70130859375 0.1278014705882353 0.70865234375 0.13820588235294118 0.7108203125 0.1476470588235294 0.704765625 0.14374264705882353 0.6905078125 0.13723529411764704 0.678837890625 0.1271470588235294 0.671064453125 0.11608823529411764 0.677548828125
0 0.07866911764705882 0.67236328125 0.09233823529411765 0.681865234375 0.10860294117647058 0.689208984375 0.11088235294117647 0.7108203125 0.10177205882352941 0.719462890625 0.08843382352941176 0.716865234375 0.07444117647058823 0.697421875 0.07476470588235294 0.681865234375
0 0.046786764705882354 0.674091796875 0.05622058823529411 0.677109375 0.07021323529411765 0.690078125 0.07248529411764706 0.7108203125 0.06110294117647058 0.720322265625 0.054272058823529416 0.713408203125 0.04873529411764706 0.703466796875 0.04483088235294118 0.688349609375
0 0.02758823529411765 0.75748046875 0.04580882352941176 0.760078125 0.05297058823529412 0.779091796875 0.05589705882352941 0.796806640625 0.04906617647058824 0.81625 0.04580882352941176 0.81322265625 0.0376764705882353 0.809765625 0.03019117647058824 0.809765625 0.02400735294117647 0.79119140625 0.021735294117647058 0.772177734375 0.02075735294117647 0.755751953125
0 0.0614264705882353 0.774765625 0.07444117647058823 0.783408203125 0.08745588235294117 0.783837890625 0.09819117647058823 0.771748046875 0.09396323529411765 0.752734375 0.08127205882352942 0.7531640625 0.06923529411764706 0.745380859375 0.059801470588235296 0.744951171875 0.054272058823529416 0.751865234375 0.0555735294117647 0.762666015625
0 0.05101470588235294 0.779521484375 0.05719852941176471 0.7743359375 0.0646764705882353 0.77390625 0.07346323529411765 0.77693359375 0.08777941176470588 0.795078125 0.08777941176470588 0.82013671875 0.07541911764705882 0.817119140625 0.0614264705882353 0.80630859375 0.053941176470588235 0.7955078125
0 0.024661764705882352 0.809765625 0.03344852941176471 0.8093359375 0.04516176470588235 0.814521484375 0.04971323529411765 0.827490234375 0.05719852941176471 0.8508203125 0.051669117647058824 0.8581640625 0.04027941176470588 0.859892578125 0.02824264705882353 0.844765625 0.020433823529411765 0.82705078125 0.018477941176470586 0.817119140625
0 0.04873529411764706 0.8655078125 0.05719852941176471 0.872861328125 0.06533088235294117 0.884091796875 0.080625 0.892734375 0.08647794117647059 0.885390625 0.08485294117647059 0.8719921875 0.07248529411764706 0.859033203125 0.0604485294117647 0.849521484375 0.04938970588235294 0.8581640625
0 0.07606617647058823 0.859033203125 0.07444117647058823 0.846494140625 0.08485294117647059 0.8378515625 0.09168382352941176 0.83353515625 0.10144117647058824 0.841748046875 0.10372058823529412 0.853408203125 0.10794852941176471 0.870693359375 0.104375 0.881494140625 0.09494117647058824 0.884091796875 0.08583088235294117 0.8711328125
0 0.0835514705882353 0.818408203125 0.0835514705882353 0.8309375 0.07476470588235294 0.84822265625 0.07476470588235294 0.857734375 0.05914705882352941 0.845205078125 0.05133823529411764 0.81970703125 0.05622058823529411 0.800693359375 0.07021323529411765 0.817548828125
0 0.10013970588235294 0.845205078125 0.11250735294117646 0.8443359375 0.11803676470588235 0.828779296875 0.12161764705882354 0.810205078125 0.10990441176470588 0.807607421875 0.09591176470588235 0.803291015625 0.0855 0.808037109375 0.08680147058823529 0.82619140625 0.09266176470588235 0.838720703125
0 0.006441176470588235 0.86119140625 0.017176470588235293 0.872861328125 0.03149264705882353 0.87587890625 0.03865441176470588 0.88279296875 0.039625 0.89921875 0.03019117647058824 0.904404296875 0.016529411764705883 0.909150390625 0.008720588235294117 0.9005078125 0.005139705882352941 0.873291015625
0 0.039625 0.894462890625 0.0555735294117647 0.902236328125 0.06435294117647058 0.925576171875 0.06565441176470589 0.94544921875 0.04971323529411765 0.935078125 0.034749999999999996 0.918232421875 0.034749999999999996 0.90267578125
0 0.051669117647058824 0.946318359375 0.05524264705882353 0.96576171875 0.063375 0.982177734375 0.07769117647058824 0.988232421875 0.08583088235294117 0.978291015625 0.0825735294117647 0.95841796875 0.06533088235294117 0.9415625 0.05133823529411764 0.940263671875
0 0.035073529411764705 0.964892578125 0.05589705882352941 0.97224609375 0.04938970588235294 0.936376953125 0.035720588235294115 0.93162109375
0 0.04906617647058824 0.8655078125 0.038 0.863779296875 0.034095588235294114 0.877177734375 0.039625 0.89013671875 0.051992647058823525 0.900947265625 0.06240441176470589 0.909150390625 0.07281617647058823 0.913046875 0.08322794117647059 0.91736328125 0.08127205882352942 0.89662109375 0.06663235294117648 0.885390625
0 0.08419852941176471 0.919521484375 0.09298529411764705 0.935078125 0.08777941176470588 0.953662109375 0.0835514705882353 0.957548828125 0.06435294117647058 0.93810546875 0.059470588235294115 0.909150390625 0.06988235294117648 0.912607421875
0 0.09428676470588235 0.930322265625 0.1073014705882353 0.92341796875 0.11478676470588237 0.907861328125 0.11511029411764706 0.891435546875 0.104375 0.8784765625 0.08713235294117647 0.884951171875 0.08225 0.895322265625 0.0835514705882353 0.922978515625
0 0.19644852941176472 0.677109375 0.2016544117647059 0.660693359375 0.21076470588235294 0.6559375 0.22702941176470587 0.65896484375 0.23451470588235293 0.670634765625 0.23516176470588235 0.6913671875 0.223125 0.706494140625 0.20620588235294118 0.700009765625 0.1983970588235294 0.689638671875
0 0.1512205882352941 0.739765625 0.16976470588235293 0.74236328125 0.17366911764705883 0.764833984375 0.16619117647058823 0.783408203125 0.1499191176470588 0.779951171875 0.13658088235294116 0.76439453125 0.13820588235294118 0.748837890625
0 0.17106617647058825 0.684892578125 0.18311029411764707 0.68056640625 0.1951470588235294 0.68013671875 0.1996985294117647 0.695693359375 0.21206617647058826 0.70130859375 0.2049044117647059 0.71513671875 0.18603676470588235 0.72205078125 0.174 0.716435546875 0.16813970588235294 0.70087890625
0 0.21759558823529412 0.5859375 0.22247794117647057 0.570810546875 0.23646323529411764 0.565625 0.24980147058823532 0.5716796875 0.2569632352941177 0.585078125 0.24785294117647058 0.601064453125 0.23483823529411765 0.6066796875 0.22768382352941174 0.601494140625
0 0.22410294117647056 0.7116796875 0.23906617647058823 0.719462890625 0.25077941176470586 0.717734375 0.261514705882353 0.70087890625 0.25598529411764703 0.677548828125 0.2449264705882353 0.671494140625 0.22800735294117644 0.68056640625 0.2244264705882353 0.69482421875
0 0.1759485294117647 0.787734375 0.18636029411764704 0.793349609375 0.20067647058823532 0.81193359375 0.19709558823529413 0.8309375 0.19124264705882352 0.853408203125 0.1766029411764706 0.83439453125 0.16944117647058823 0.814951171875 0.16749264705882352 0.797236328125
0 0.22084558823529413 0.7259375 0.23321323529411767 0.71859375 0.24329411764705883 0.722919921875 0.25175735294117646 0.74970703125 0.24036764705882352 0.760078125 0.22410294117647056 0.7605078125 0.21563970588235293 0.741494140625
0 0.11933823529411766 0.7734765625 0.13527941176470587 0.7743359375 0.14178676470588236 0.787294921875 0.14438970588235295 0.800693359375 0.14374264705882353 0.838720703125 0.14178676470588236 0.842607421875 0.11933823529411766 0.81970703125 0.11575735294117648 0.799833984375 0.11869117647058823 0.793349609375
0 0.10469852941176469 0.766123046875 0.11705882352941176 0.779521484375 0.11803676470588235 0.79810546875 0.11836029411764706 0.814951171875 0.10144117647058824 0.804580078125 0.08940441176470589 0.80587890625 0.08745588235294117 0.786435546875
0 0.2947058823529412 0.709091796875 0.28299264705882354 0.702607421875 0.27648529411764705 0.716005859375 0.27550735294117645 0.765693359375 0.28136029411764707 0.767421875 0.2917720588235294 0.77044921875 0.29210294117647057 0.761376953125 0.30316176470588235 0.751865234375 0.29730882352941174 0.739765625 0.29600735294117647 0.719462890625
0 0.2982794117647059 0.7116796875 0.3073897058823529 0.71556640625 0.325610294117647 0.712548828125 0.33049264705882353 0.700009765625 0.3291911764705882 0.677978515625 0.3165 0.671064453125 0.30674264705882354 0.674521484375 0.2969779411764706 0.68791015625 0.29210294117647057 0.699150390625
0 0.30283823529411763 0.74970703125 0.3168235294117647 0.759208984375 0.32528676470588236 0.76353515625 0.33081617647058825 0.74625 0.32853676470588233 0.730263671875 0.3158529411764706 0.716435546875 0.2992573529411765 0.7116796875 0.2934044117647059 0.709951171875 0.2956764705882353 0.73328125
0 0.3187794117647059 0.668466796875 0.30869117647058825 0.657236328125 0.3060882352941176 0.63908203125 0.3093455882352941 0.632177734375 0.32105882352941173 0.62482421875 0.33472058823529416 0.634765625 0.3396029411764706 0.660263671875 0.3343970588235294 0.671923828125 0.33049264705882353 0.6766796875
0 0.33244117647058824 0.69439453125 0.34545588235294117 0.703037109375 0.35716911764705883 0.695263671875 0.36172794117647056 0.6831640625 0.3548897058823529 0.66890625 0.3457867647058823 0.660693359375 0.33992647058823533 0.665009765625 0.32723529411764707 0.678837890625
0 0.3051176470588235 0.751435546875 0.2934044117647059 0.759208984375 0.28950000000000004 0.780390625 0.3021838235294118 0.79248046875 0.318125 0.789892578125 0.3230073529411765 0.782548828125 0.3246323529411765 0.7678515625
0 0.2533823529411765 0.75056640625 0.26281617647058825 0.75013671875 0.2670514705882353 0.761806640625 0.2650955882352941 0.779521484375 0.25468382352941177 0.779951171875 0.2449264705882353 0.7743359375 0.2429705882352941 0.760078125
0 0.3327720588235294 0.702177734375 0.33862499999999995 0.710380859375 0.34188235294117647 0.7259375 0.34058088235294115 0.741923828125 0.32983823529411765 0.74625 0.32853676470588233 0.7328515625 0.325610294117647 0.717294921875
0 0.32723529411764707 0.7808203125 0.33244117647058824 0.7881640625 0.3431838235294118 0.78125 0.35294117647058826 0.7665625 0.3477352941176471 0.7458203125 0.3409044117647059 0.74236328125 0.331139705882353 0.7458203125 0.32398529411764704 0.76439453125
0 0.3321176470588235 0.63044921875 0.34188235294117647 0.61791015625 0.3578235294117647 0.623095703125 0.3610735294117647 0.636064453125 0.3610735294117647 0.65205078125 0.34220588235294114 0.664580078125
0 0.3666029411764706 0.685751953125 0.3818970588235294 0.677548828125 0.39035294117647057 0.66630859375 0.3887279411764706 0.657666015625 0.37571323529411765 0.646435546875 0.3630294117647059 0.646435546875 0.3496911764705882 0.661123046875 0.3578235294117647 0.6701953125
0 0.445014705882353 0.66630859375 0.45542647058823527 0.671064453125 0.45738235294117646 0.6913671875 0.4547794117647059 0.7051953125 0.441110294117647 0.71556640625 0.4297205882352941 0.7043359375 0.4297205882352941 0.674521484375
0 0.45444852941176467 0.61748046875 0.4671397058823529 0.627421875 0.4759264705882353 0.64859375 0.46551470588235294 0.66544921875 0.4531470588235294 0.669765625 0.44371323529411766 0.6563671875 0.4394852941176471 0.6343359375 0.44566911764705885 0.6278515625
0 0.4593308823529412 0.699150390625 0.4690882352941177 0.704765625 0.4798308823529412 0.699150390625 0.48926470588235293 0.686181640625 0.4795 0.65853515625 0.47104411764705884 0.655078125 0.454125 0.66890625
0 0.4749485294117647 0.640810546875 0.4853602941176471 0.628720703125 0.49675 0.633466796875 0.5006470588235294 0.64513671875 0.4996764705882353 0.66587890625 0.4912132352941176 0.68013671875 0.477875 0.65939453125 0.4749485294117647 0.64599609375
0 0.14406617647058825 0.8166796875 0.16033088235294118 0.822734375 0.16423529411764706 0.838291015625 0.15252205882352943 0.859462890625 0.13853676470588236 0.846494140625 0.13820588235294118 0.82662109375
0 0.15838235294117647 0.852119140625 0.16391176470588234 0.872861328125 0.1733455882352941 0.880205078125 0.18961764705882353 0.873720703125 0.1915661764705882 0.85513671875 0.1782279411764706 0.83396484375 0.16553676470588236 0.83310546875
0 0.2898235294117647 0.863349609375 0.30121323529411764 0.8655078125 0.30869117647058825 0.878046875 0.2999117647058823 0.90267578125 0.2868970588235294 0.905263671875 0.28233823529411767 0.883662109375
0 0.30186029411764703 0.898349609375 0.3064191176470588 0.911748046875 0.3161764705882353 0.91779296875 0.331139705882353 0.901376953125 0.32983823529411765 0.887119140625 0.3226838235294118 0.870693359375 0.31064705882352944 0.866376953125 0.3083676470588235 0.87587890625
0 0.32528676470588236 0.872861328125 0.3343970588235294 0.863349609375 0.35163970588235294 0.873720703125 0.3522941176470588 0.894892578125 0.34058088235294115 0.9061328125 0.33244117647058824 0.901806640625 0.331139705882353 0.8866796875
0 0.23061029411764705 0.942861328125 0.23353676470588236 0.9549609375 0.24362499999999998 0.964892578125 0.2511029411764706 0.97353515625 0.2566397058823529 0.961875 0.2569632352941177 0.940693359375 0.2520808823529412 0.9281640625 0.2462279411764706 0.926005859375 0.24069852941176473 0.936376953125
0 0.23451470588235293 0.95625 0.2442720588235294 0.964892578125 0.2501323529411765 0.974833984375 0.24980147058823532 0.995576171875 0.2434558823529412 0.9990234375 0.23255882352941173 0.99470703125 0.22344852941176468 0.9834765625 0.2228014705882353 0.970078125 0.2257279411764706 0.95841796875
0 0.2605441176470588 0.95841796875 0.2807132352941176 0.971806640625 0.28005882352941175 0.989521484375 0.2803897058823529 0.995576171875 0.25533823529411764 0.9981640625 0.2488308823529412 0.977861328125
0 0.28461764705882353 0.995146484375 0.2950294117647059 0.995146484375 0.30381617647058823 0.986064453125 0.30772058823529413 0.962734375 0.2924264705882353 0.946318359375 0.27876470588235297 0.95884765625 0.27843382352941176 0.973974609375
0 0.3090220588235294 0.970078125 0.3204044117647059 0.978291015625 0.3340735294117647 0.9687890625 0.3340735294117647 0.9411328125 0.31975735294117646 0.9346484375 0.3080441176470588 0.947177734375
0 0.3158529411764706 0.919091796875 0.32138235294117645 0.936376953125 0.337 0.942421875 0.3457867647058823 0.93810546875 0.34708823529411764 0.916064453125 0.34188235294117647 0.908291015625 0.32983823529411765 0.900078125
0 0.4023970588235294 0.9623046875 0.4105294117647059 0.9549609375 0.42158823529411765 0.950205078125 0.4313529411764706 0.95927734375 0.43688235294117644 0.975263671875 0.43395588235294114 0.991689453125 0.42126470588235293 0.995146484375 0.40044117647058824 0.995146484375 0.39686029411764706 0.97958984375
0 0.43720588235294117 0.97958984375 0.4459926470588235 0.990390625 0.4622573529411764 0.989521484375 0.4687647058823529 0.971806640625 0.4642132352941177 0.957119140625 0.45444852941176467 0.94890625 0.44371323529411766 0.9493359375 0.4381838235294117 0.964892578125
0 0.38677941176470587 0.940693359375 0.39230882352941177 0.925576171875 0.4023970588235294 0.922119140625 0.4118308823529412 0.9273046875 0.4202867647058824 0.939404296875 0.4219191176470588 0.94458984375 0.4219191176470588 0.95236328125 0.406625 0.95927734375 0.3906838235294118 0.963603515625 0.3854779411764706 0.94890625
0 0.37604411764705886 0.89705078125 0.38677941176470587 0.89921875 0.39458823529411763 0.914775390625 0.3887279411764706 0.93896484375 0.37604411764705886 0.940693359375 0.36693382352941173 0.926875 0.36693382352941173 0.9065625
0 0.36075 0.97267578125 0.37083823529411764 0.98650390625 0.38742647058823526 0.97958984375 0.3913308823529412 0.96619140625 0.3864558823529412 0.950205078125 0.37636764705882353 0.940693359375 0.3636764705882353 0.94501953125 0.36075 0.957978515625
0 0.201 0.769384765625 0.19344117647058823 0.76892578125 0.18863235294117647 0.778056640625 0.18725735294117646 0.79357421875 0.2027205882352941 0.81775390625 0.2181838235294118 0.82140625 0.22642647058823528 0.8113671875
0 0.28861764705882353 0.83783203125 0.30167647058823527 0.834638671875 0.31748529411764703 0.83875 0.31233088235294115 0.852890625 0.3116397058823529 0.869326171875 0.2865588235294118 0.8615625 0.285875 0.85380859375 0.28896323529411766 0.84376953125
0 0.3178235294117647 0.83783203125 0.34016176470588233 0.8401171875 0.347375 0.87115234375 0.3377573529411765 0.863388671875 0.3257279411764706 0.875712890625 0.31370588235294117 0.867958984375 0.3116397058823529 0.8574609375
0 0.38448529411764704 0.692724609375 0.3982279411764706 0.705498046875 0.4119705882352941 0.696826171875 0.4126544117647059 0.67720703125 0.40716176470588233 0.6648828125 0.3896397058823529 0.6676171875 0.38104411764705887 0.680400390625
0 0.38173529411764706 0.626552734375 0.38173529411764706 0.60236328125 0.3648970588235294 0.60236328125 0.35905882352941176 0.615146484375 0.35871323529411764 0.630205078125 0.36283823529411763 0.646171875
0 0.3783014705882353 0.643896484375 0.38070588235294117 0.628837890625 0.3937573529411765 0.623359375 0.40509558823529407 0.634306640625 0.41574999999999995 0.64708984375 0.4112867647058824 0.665341796875 0.3899779411764706 0.669443359375 0.38929411764705885 0.65484375
0 0.4662573529411765 0.806806640625 0.4662573529411765 0.8314453125 0.47072794117647065 0.8373828125 0.486875 0.839658203125 0.49477941176470586 0.821865234375 0.4930588235294117 0.79904296875 0.481375 0.79767578125 0.4703823529411765 0.79767578125
0 0.49615441176470587 0.801328125 0.49924264705882354 0.795849609375 0.5267352941176471 0.804521484375 0.523639705882353 0.82505859375 0.5112720588235294 0.835556640625 0.5002720588235294 0.83875 0.49375 0.824599609375
0 0.45148529411764704 0.714169921875 0.44941911764705883 0.72876953125 0.4538897058823529 0.745654296875 0.46488235294117647 0.750673828125 0.4731323529411765 0.740634765625 0.4803455882352941 0.72603515625 0.47691176470588237 0.709150390625 0.47003676470588235 0.7023046875 0.4562941176470588 0.704130859375
0 0.5184852941176471 0.597802734375 0.5339485294117646 0.594609375 0.5466617647058823 0.610126953125 0.5384117647058824 0.635224609375 0.5215808823529412 0.636591796875 0.5150514705882353 0.615595703125
0 0.5418529411764705 0.635673828125 0.5504411764705882 0.645263671875 0.5635 0.640693359375 0.5683088235294117 0.625634765625 0.5614338235294117 0.6146875 0.5504411764705882 0.60830078125 0.5463161764705883 0.60966796875
0 0.4504558823529412 0.848330078125 0.45148529411764704 0.864755859375 0.4439264705882353 0.87662109375 0.4373970588235294 0.874794921875 0.4298382352941177 0.868408203125 0.42777941176470585 0.852890625 0.4353382352941176 0.836923828125 0.44563970588235297 0.83875
0 0.39788235294117646 0.825966796875 0.4068161764705882 0.8287109375 0.4092205882352941 0.844677734375 0.4081911764705882 0.85609375 0.39582352941176474 0.854267578125 0.3841397058823529 0.847421875 0.38516911764705886 0.82734375
0 0.4435808823529412 0.877998046875 0.447014705882353 0.893505859375 0.46144852941176473 0.9003515625 0.4748455882352941 0.8903125 0.4748455882352941 0.88119140625 0.46969852941176465 0.868408203125 0.46454411764705883 0.853349609375 0.4538897058823529 0.85517578125 0.45079411764705885 0.863388671875
0 0.47519117647058823 0.877998046875 0.48274999999999996 0.88119140625 0.49443382352941173 0.870693359375 0.49443382352941173 0.855634765625 0.49443382352941173 0.840576171875 0.4889338235294118 0.839658203125 0.4727867647058824 0.83875 0.46419852941176465 0.85244140625 0.47072794117647065 0.868408203125
0 0.49443382352941173 0.8716015625 0.5047426470588235 0.8802734375 0.5178014705882353 0.870693359375 0.5229485294117647 0.853349609375 0.5202058823529412 0.834638671875 0.5105808823529412 0.833271484375 0.49443382352941173 0.841025390625
0 0.5246691176470588 0.829169921875 0.5318823529411765 0.838291015625 0.5435661764705882 0.841025390625 0.5528455882352942 0.820947265625 0.5545661764705883 0.80361328125 0.5425367647058824 0.794482421875 0.5260441176470588 0.80498046875
0 0.4762205882352941 0.884384765625 0.48927941176470585 0.890771484375 0.49443382352941173 0.90765625 0.492375 0.924541015625 0.48103676470588236 0.925 0.46935294117647064 0.919521484375 0.46419852941176465 0.90126953125
0 0.4205588235294118 0.86658203125 0.42880882352941174 0.864755859375 0.43464705882352944 0.874794921875 0.4353382352941176 0.8903125 0.4367132352941176 0.905830078125 0.42708823529411766 0.903095703125 0.42124999999999996 0.892138671875 0.41506617647058824 0.883466796875 0.4105955882352941 0.879814453125
0 0.521235294117647 0.759345703125 0.5277647058823529 0.76984375 0.5366985294117647 0.775322265625 0.5470073529411764 0.7739453125 0.5480367647058824 0.76390625 0.5428823529411765 0.745654296875 0.5291397058823529 0.734248046875 0.520889705882353 0.74748046875
0 0.4367132352941176 0.557646484375 0.4466764705882353 0.55353515625 0.4576691176470588 0.56083984375 0.45904411764705877 0.5758984375 0.4538897058823529 0.595517578125 0.4363676470588236 0.596884765625 0.4291470588235294 0.577724609375 0.4298382352941177 0.56357421875
0 0.4562941176470588 0.595068359375 0.46557352941176466 0.597802734375 0.4775955882352941 0.59369140625 0.486875 0.58091796875 0.48309558823529414 0.567685546875 0.4727867647058824 0.557646484375 0.4611029411764706 0.557646484375 0.45801470588235293 0.559013671875 0.4583529411764706 0.574990234375
0 0.5188308823529412 0.6375 0.5150514705882353 0.6507421875 0.5263897058823529 0.670361328125 0.5342941176470588 0.683134765625 0.5428823529411765 0.677666015625 0.5487205882352941 0.664423828125 0.5507867647058824 0.647998046875 0.5404779411764705 0.634306640625
0 0.5748382352941176 0.716904296875 0.5882352941176471 0.703671875 0.5995735294117647 0.708232421875 0.6026691176470588 0.7196484375 0.6009485294117647 0.72740234375 0.5882352941176471 0.74748046875 0.5748382352941176 0.7451953125 0.5738014705882353 0.732421875
0 0.5885808823529411 0.747939453125 0.5906397058823529 0.7652734375 0.5992279411764706 0.7712109375 0.6170955882352941 0.765732421875 0.6212205882352941 0.742919921875 0.6191617647058824 0.72603515625 0.6019779411764706 0.726943359375
0 0.6191617647058824 0.721474609375 0.6260294117647058 0.71142578125 0.6373676470588235 0.706865234375 0.6487058823529411 0.714169921875 0.6487058823529411 0.72466796875 0.6425220588235294 0.7310546875 0.6359926470588235 0.73607421875 0.631875 0.756611328125
0 0.6480220588235294 0.72740234375 0.6607352941176471 0.735615234375 0.6603897058823529 0.75341796875 0.6535220588235294 0.768017578125 0.6332426470588236 0.77759765625 0.6315294117647059 0.7584375 0.6346176470588235 0.736533203125
0 0.6067867647058823 0.76755859375 0.618125 0.771669921875 0.6267205882352942 0.785810546875 0.6274044117647058 0.795849609375 0.62225 0.807265625 0.6122867647058824 0.81228515625 0.5981985294117647 0.805888671875 0.5930441176470588 0.790380859375 0.5954485294117646 0.7739453125
0 0.491 0.889404296875 0.5016470588235294 0.88119140625 0.5133308823529412 0.878447265625 0.519860294117647 0.884833984375 0.5215808823529412 0.90171875 0.5167647058823529 0.9176953125 0.5013088235294118 0.92134765625 0.49477941176470586 0.918603515625 0.49477941176470586 0.908115234375
0 0.5329191176470588 0.922255859375 0.5452867647058823 0.916328125 0.553875 0.9263671875 0.553875 0.943251953125 0.5459705882352941 0.956025390625 0.5411617647058824 0.9605859375 0.5287941176470587 0.951923828125 0.5291397058823529 0.93640625
0 0.5439117647058824 0.874345703125 0.5494117647058824 0.884384765625 0.54975 0.898525390625 0.5507867647058824 0.910849609375 0.5428823529411765 0.9176953125 0.5342941176470588 0.9190625 0.5281029411764706 0.914501953125 0.523639705882353 0.904462890625 0.5256985294117648 0.890771484375 0.5339485294117646 0.87662109375 0.5377279411764706 0.873427734375
0 0.551125 0.90673828125 0.5600588235294117 0.910390625 0.5717426470588236 0.908564453125 0.5779264705882353 0.8903125 0.5765514705882353 0.874794921875 0.5665882352941176 0.867958984375 0.5555955882352941 0.868408203125 0.5459705882352941 0.88255859375
0 0.55525 0.947353515625 0.5652132352941177 0.947353515625 0.5751764705882353 0.937314453125 0.5810220588235294 0.92271484375 0.5755220588235295 0.907197265625 0.5683088235294117 0.907197265625 0.5573088235294118 0.9117578125 0.5525 0.921806640625
0 0.5892647058823529 0.96880859375 0.5999191176470589 0.964697265625 0.6030073529411765 0.951923828125 0.6016323529411765 0.938681640625 0.5896102941176471 0.926826171875 0.5796470588235294 0.923623046875 0.5741470588235295 0.937314453125 0.5793014705882353 0.951005859375 0.5806764705882353 0.96287109375
0 0.6253455882352942 0.96150390625 0.6315294117647059 0.945078125 0.6322132352941177 0.931845703125 0.6260294117647058 0.92408203125 0.6184705882352941 0.9204296875 0.6074779411764706 0.923623046875 0.6023235294117647 0.937314453125 0.6009485294117647 0.954658203125 0.6098823529411765 0.96515625 0.620875 0.97017578125
0 0.6188161764705883 0.968349609375 0.6184705882352941 0.98294921875 0.6274044117647058 0.99435546875 0.6390882352941176 0.996181640625 0.6507720588235294 0.9866015625 0.6528308823529412 0.972451171875 0.6463014705882353 0.959677734375 0.6329044117647059 0.95375 0.625 0.96150390625
0 0.6091911764705882 0.926826171875 0.6016323529411765 0.91541015625 0.6002647058823529 0.9003515625 0.6047279411764706 0.888486328125 0.6146911764705882 0.8903125 0.618125 0.89669921875 0.6215661764705883 0.918154296875
0 0.6229411764705882 0.92134765625 0.6325588235294117 0.933212890625 0.6408088235294118 0.92134765625 0.6425220588235294 0.903544921875 0.6370294117647058 0.887119140625 0.62775 0.8862109375 0.618125 0.885751953125 0.6188161764705883 0.904462890625
0 0.5400220588235294 0.717685546875 0.5530661764705882 0.705654296875 0.5494411764705882 0.689296875 0.5436470588235294 0.67630859375 0.5324191176470588 0.683046875 0.5291617647058823 0.701328125
0 0.5168455882352941 0.708056640625 0.5204632352941176 0.6998828125 0.5287941176470587 0.7027734375 0.5400220588235294 0.72490234375 0.5349558823529411 0.737890625 0.5186544117647058 0.74798828125 0.5085147058823529 0.7426953125 0.5066985294117647 0.72970703125
0 0.4983676470588235 0.630126953125 0.4882279411764706 0.60896484375 0.5005441176470589 0.5930859375 0.5135808823529412 0.5901953125 0.5175661764705882 0.601259765625 0.5172058823529412 0.613291015625 0.5172058823529412 0.640712890625 0.5099632352941176 0.6450390625
0 0.3498602941176471 0.511787109375 0.3480514705882353 0.534873046875 0.34551470588235295 0.547861328125 0.3371838235294118 0.543056640625 0.3295808823529412 0.52525390625 0.3281323529411765 0.503125 0.33754411764705883 0.49013671875 0.34551470588235295 0.494951171875
0 0.3498602941176471 0.513232421875 0.36616176470588235 0.5199609375 0.3748529411764706 0.528623046875 0.3701470588235294 0.5473828125 0.3495 0.57625 0.34189705882352944 0.555078125 0.3437058823529412 0.54642578125 0.3480514705882353 0.533916015625
0 0.3650735294117647 0.55892578125 0.3748529411764706 0.5656640625 0.38825735294117647 0.56037109375 0.39839705882352944 0.548349609375 0.39441176470588235 0.530546875 0.3878970588235294 0.52814453125 0.37340441176470585 0.52814453125 0.3697867647058824 0.54498046875
0 0.3643529411764706 0.5594140625 0.3744926470588235 0.56806640625 0.37811764705882356 0.5901953125 0.3705073529411765 0.602705078125 0.3592794117647059 0.597900390625 0.3498602941176471 0.59068359375 0.34913970588235294 0.582021484375
0 0.3806470588235294 0.591162109375 0.3878970588235294 0.59453125 0.3947794117647059 0.5930859375 0.4067279411764706 0.573359375 0.39839705882352944 0.55171875 0.38897794117647055 0.5594140625 0.37413235294117647 0.567109375
0 0.36471323529411764 0.73404296875 0.37413235294117647 0.735478515625 0.3821029411764706 0.747509765625 0.3828235294117647 0.75712890625 0.3770294117647059 0.7763671875 0.36616176470588235 0.780703125 0.35167647058823526 0.76626953125 0.35167647058823526 0.753759765625
0 0.600875 0.70373046875 0.6121029411764706 0.692666015625 0.6276838235294118 0.689296875 0.6421691176470589 0.69748046875 0.6457941176470589 0.71046875 0.6392720588235294 0.707578125 0.6269558823529412 0.71046875 0.6211617647058824 0.726826171875 0.6030514705882353 0.726826171875 0.600154411764706 0.7090234375
0 0.6490514705882353 0.70662109375 0.6552058823529412 0.71671875 0.664625 0.717685546875 0.6707867647058824 0.704208984375 0.6704191176470589 0.689775390625 0.6628161764705882 0.683525390625 0.6505 0.683046875 0.6465147058823529 0.69603515625
0 0.32776470588235296 0.53728515625 0.3226985294117647 0.5502734375 0.3053088235294118 0.548349609375 0.30169117647058824 0.5382421875 0.3027720588235294 0.5228515625 0.3125514705882353 0.507939453125 0.3198014705882353 0.49927734375 0.3266838235294118 0.502646484375 0.3306617647058823 0.520927734375 0.3270441176470588 0.544501953125
0 0.11896323529411765 0.836435546875 0.12788970588235293 0.837001953125 0.13426470588235292 0.855625 0.13299264705882352 0.877080078125 0.12151470588235294 0.8844140625 0.11641176470588235 0.892314453125 0.10408823529411765 0.878203125 0.10153676470588235 0.86240234375 0.10833823529411765 0.847724609375
0 0.1920661764705882 0.855625 0.2022720588235294 0.863525390625 0.2196985294117647 0.84546875 0.2196985294117647 0.824013671875 0.1988676470588235 0.818369140625 0.19291911764705882 0.834736328125
0 0.44535294117647056 0.1528515625 0.4584485294117647 0.1575390625 0.4705367647058823 0.183623046875 0.4594558823529412 0.19298828125 0.44183088235294116 0.183623046875 0.4383088235294118 0.1695703125
0 0.6825294117647059 0.847578125 0.6662573529411765 0.87515625 0.6564338235294118 0.86546875 0.6541838235294118 0.842353515625 0.6614852941176471 0.8304296875 0.6724264705882353 0.83005859375 0.6811323529411765 0.837509765625 0.6828161764705882 0.84384765625
0 0.6713088235294118 0.86658203125 0.6777647058823529 0.887080078125 0.6780441176470589 0.90720703125 0.6715882352941177 0.916533203125 0.6651323529411765 0.90236328125 0.6614852941176471 0.88 0.6620441176470588 0.87515625
0 0.6715882352941177 0.91578125 0.68225 0.92287109375 0.6836544117647059 0.9426171875 0.6800073529411764 0.95455078125 0.6690588235294117 0.9605078125 0.6609191176470588 0.947470703125 0.6609191176470588 0.934052734375 0.6656911764705883 0.925478515625
0 0.6791617647058823 0.885595703125 0.6878676470588235 0.88037109375 0.6934779411764705 0.8695703125 0.6889852941176471 0.85353515625 0.6830955882352941 0.84421875 0.6715882352941177 0.86658203125
0 0.6850588235294117 0.926591796875 0.6931985294117647 0.907587890625 0.6909485294117648 0.880751953125 0.6783235294117647 0.885595703125 0.6783235294117647 0.9109375 0.6808455882352942 0.921376953125
0 0.6937573529411765 0.909443359375 0.6999338235294117 0.921748046875 0.7013382352941177 0.94224609375 0.6948823529411764 0.948212890625 0.6878676470588235 0.953798828125 0.6839338235294118 0.944853515625 0.6842132352941176 0.92734375
0 0.6887058823529412 0.956787109375 0.6864632352941177 0.96908203125 0.6898308823529411 0.98064453125 0.6948823529411764 0.9866015625 0.7018970588235295 0.97728515625 0.7027426470588235 0.957158203125 0.7010588235294118 0.942998046875 0.690110294117647 0.9515625
0 0.6931985294117647 0.7603515625 0.6912352941176471 0.775634765625 0.6903897058823529 0.793896484375 0.6788823529411765 0.802099609375 0.6727132352941176 0.7994921875 0.6687794117647059 0.78607421875 0.6693455882352941 0.77638671875 0.6783235294117647 0.76818359375
0 0.699375 0.79091796875 0.7058235294117646 0.796884765625 0.7080735294117647 0.811787109375 0.7035808823529411 0.826328125 0.695720588235294 0.83453125 0.6909485294117648 0.83564453125 0.6887058823529412 0.821484375 0.697125 0.80359375
0 0.7058235294117646 0.761474609375 0.7021764705882353 0.792783203125 0.7100367647058823 0.796884765625 0.7139632352941176 0.78533203125 0.7148088235294118 0.771533203125 0.7148088235294118 0.761474609375 0.7136838235294117 0.757373046875 0.7077941176470588 0.757744140625
0 0.6903897058823529 0.797255859375 0.6946029411764706 0.806201171875 0.7016176470588236 0.788310546875 0.7047058823529412 0.761474609375 0.6946029411764706 0.759609375
0 0.17008823529411765 0.881376953125 0.17124264705882353 0.9034765625 0.18401470588235294 0.909130859375 0.19755882352941176 0.899365234375 0.19755882352941176 0.879833984375 0.19252941176470587 0.873154296875
0 0.7616617647058823 0.23041015625 0.772 0.2326953125 0.7806176470588236 0.24833984375 0.7774558823529412 0.25978515625 0.7636691176470588 0.270078125 0.7533308823529412 0.2655078125 0.745 0.2471875 0.7504558823529411 0.23765625
0 0.7536176470588236 0.301357421875 0.7585 0.31318359375 0.7625220588235294 0.32958984375 0.7567794117647059 0.343701171875 0.7424191176470588 0.34751953125 0.7360955882352942 0.3273046875 0.7355220588235294 0.3074609375 0.75075 0.298310546875 0.7564926470588235 0.3009765625
0 0.7757352941176471 0.23689453125 0.7826323529411765 0.23765625 0.794404411764706 0.24109375 0.7969926470588236 0.22888671875 0.801014705882353 0.21896484375 0.7969926470588236 0.205615234375 0.7846397058823529 0.199892578125 0.774875 0.206376953125 0.7679779411764707 0.22392578125
0 0.796125 0.242236328125 0.8027352941176471 0.25482421875 0.8096249999999999 0.252529296875 0.8236985294117647 0.25634765625 0.8208308823529411 0.24109375 0.8225514705882353 0.22392578125 0.8170955882352942 0.207900390625 0.8090514705882352 0.206376953125 0.8004338235294117 0.219345703125 0.7978529411764705 0.23193359375 0.7978529411764705 0.238037109375
0 0.8245661764705883 0.2540625 0.8343308823529412 0.263974609375 0.8495514705882353 0.2719921875 0.8547205882352942 0.264736328125 0.8550073529411765 0.2456640625 0.8443823529411764 0.231552734375 0.8351911764705882 0.230791015625 0.8222647058823529 0.23193359375 0.8219779411764707 0.243759765625
0 0.8234117647058823 0.2651171875 0.836625 0.258251953125 0.8458161764705882 0.265888671875 0.850125 0.281142578125 0.843235294117647 0.290302734375 0.8337573529411765 0.29068359375 0.8216911764705882 0.28724609375 0.8214044117647058 0.2765625
0 0.8208308823529411 0.3173828125 0.8317426470588236 0.32158203125 0.8323161764705883 0.341416015625 0.830595588235294 0.359345703125 0.8176691176470589 0.365830078125 0.8058970588235294 0.36125 0.8007205882352941 0.343701171875 0.8030220588235293 0.331494140625 0.8084779411764705 0.32310546875
0 0.8326029411764705 0.32654296875 0.8397867647058823 0.3238671875 0.852139705882353 0.324248046875 0.8564485294117647 0.324248046875 0.8630514705882353 0.309375 0.859889705882353 0.29640625 0.8458161764705882 0.286865234375 0.8349044117647059 0.29068359375 0.8205441176470588 0.302890625 0.826860294117647 0.31509765625
0 0.8300220588235293 0.35400390625 0.8340441176470588 0.3692578125 0.8423676470588235 0.37537109375 0.8581691176470587 0.3726953125 0.8581691176470587 0.355908203125 0.8578823529411765 0.33759765625 0.8552941176470589 0.32806640625 0.8449558823529413 0.323486328125 0.8340441176470588 0.325771484375 0.8303088235294118 0.339892578125
0 0.8768382352941176 0.33263671875 0.8822941176470589 0.35552734375 0.8791323529411764 0.373076171875 0.8710955882352942 0.3871875 0.8616176470588235 0.38490234375 0.8567352941176472 0.368115234375 0.8550073529411765 0.348662109375 0.8573088235294118 0.33111328125 0.8662132352941176 0.321962890625
0 0.88 0.371552734375 0.8891911764705882 0.37041015625 0.9006764705882353 0.379560546875 0.9044117647058824 0.400927734375 0.9018235294117647 0.415419921875 0.8857426470588234 0.421142578125 0.8748308823529412 0.414658203125 0.8699411764705881 0.394443359375 0.8696544117647059 0.383759765625
0 0.7559191176470588 0.348662109375 0.7573529411764706 0.3597265625 0.7668308823529413 0.37193359375 0.7671176470588235 0.383759765625 0.754764705882353 0.394443359375 0.7447132352941176 0.391005859375 0.7441397058823529 0.370791015625 0.7441397058823529 0.34828125 0.7484485294117647 0.3402734375 0.7556323529411765 0.341416015625
0 0.7671176470588235 0.38833984375 0.772860294117647 0.39978515625 0.7760220588235295 0.413896484375 0.7685514705882353 0.423046875 0.7556323529411765 0.420380859375 0.7516102941176471 0.39978515625 0.7516102941176471 0.39138671875 0.7608014705882353 0.385283203125
0 0.7688382352941175 0.3871875 0.7757352941176471 0.40130859375 0.7777426470588236 0.413134765625 0.7837794117647059 0.416181640625 0.7906691176470588 0.40587890625 0.7949779411764707 0.391767578125 0.7903823529411765 0.377275390625 0.7834926470588235 0.3631640625 0.772860294117647 0.36697265625 0.7711397058823529 0.373837890625
0 0.7648235294117648 0.331875 0.7771691176470589 0.334931640625 0.7786102941176472 0.348662109375 0.7843529411764706 0.3597265625 0.7860735294117647 0.366591796875 0.7708529411764705 0.367353515625 0.7656838235294117 0.371171875 0.7556323529411765 0.35896484375 0.7559191176470588 0.345234375
0 0.792110294117647 0.40435546875 0.806470588235294 0.408173828125 0.8093382352941176 0.436015625 0.8053161764705883 0.442119140625 0.7935441176470588 0.44517578125 0.787514705882353 0.43373046875 0.7855 0.41580078125
0 0.8130735294117647 0.4344921875 0.8199705882352942 0.4379296875 0.830595588235294 0.43029296875 0.8392132352941176 0.420380859375 0.836625 0.407412109375 0.8257132352941177 0.40359375 0.8150882352941177 0.400927734375 0.8070441176470587 0.408173828125 0.8099117647058823 0.438310546875
0 0.8383529411764706 0.412373046875 0.8524264705882353 0.410078125 0.8578823529411765 0.40130859375 0.8613308823529412 0.386044921875 0.8590294117647058 0.37041015625 0.8512720588235294 0.367353515625 0.8415073529411765 0.370029296875 0.8331764705882352 0.378037109375 0.8331764705882352 0.396728515625 0.8346176470588235 0.407412109375
0 0.8173823529411766 0.36849609375 0.826860294117647 0.360107421875 0.832889705882353 0.362392578125 0.8343308823529412 0.378037109375 0.8326029411764705 0.409697265625 0.8150882352941177 0.403974609375 0.8107794117647059 0.38146484375
0 0.8808602941176471 0.334169921875 0.8857426470588234 0.328828125 0.8986691176470588 0.339130859375 0.8986691176470588 0.3662109375 0.8903382352941176 0.374599609375 0.8797132352941177 0.378037109375 0.8817205882352942 0.35744140625
0 0.8963676470588234 0.377275390625 0.903264705882353 0.38642578125 0.907 0.399013671875 0.9153235294117646 0.40130859375 0.9210735294117648 0.386806640625 0.9207867647058824 0.371171875 0.9136029411764706 0.351337890625 0.8983823529411764 0.34599609375 0.8992426470588235 0.368876953125 0.8975147058823528 0.38146484375
0 0.9440514705882354 0.395205078125 0.9586985294117647 0.390625 0.9635808823529411 0.36849609375 0.9595588235294118 0.345234375 0.9466323529411765 0.34103515625 0.9331323529411765 0.35171875 0.9331323529411765 0.3631640625 0.9383014705882352 0.380322265625
0 0.9644411764705884 0.370791015625 0.9759338235294117 0.3692578125 0.981389705882353 0.389482421875 0.9796617647058823 0.4116015625 0.9696102941176471 0.415419921875 0.9630073529411766 0.400546875 0.9592720588235293 0.38146484375 0.9586985294117647 0.371171875 0.9612794117647058 0.3696484375
0 0.7694191176470588 0.47263671875 0.7783235294117647 0.468447265625 0.7872205882352941 0.471875 0.7946911764705882 0.486376953125 0.7932573529411764 0.5062109375 0.7872205882352941 0.5157421875 0.7763088235294118 0.507353515625 0.7656838235294117 0.49896484375 0.7619485294117647 0.4833203125
0 0.7941176470588235 0.5092578125 0.8027352941176471 0.521083984375 0.8047426470588236 0.54359375 0.799860294117647 0.5580859375 0.7900955882352941 0.569150390625 0.7745882352941177 0.57296875 0.774014705882353 0.5615234375 0.7763088235294118 0.535966796875 0.7863602941176471 0.520322265625
0 0.7958382352941176 0.5649609375 0.7992867647058823 0.579072265625 0.8035955882352942 0.5908984375 0.8165220588235295 0.6004296875 0.825139705882353 0.597001953125 0.8297352941176471 0.58669921875 0.8265735294117648 0.571064453125 0.8208308823529411 0.547412109375 0.8044558823529412 0.544736328125 0.7987132352941176 0.551982421875
0 0.8308823529411765 0.582119140625 0.8423676470588235 0.577548828125 0.8435220588235295 0.553896484375 0.8423676470588235 0.545498046875 0.8300220588235293 0.53787109375 0.8199705882352942 0.545498046875
0 0.8041691176470589 0.5191796875 0.8147941176470588 0.508115234375 0.8214044117647058 0.494765625 0.8156617647058824 0.4737890625 0.8099117647058823 0.4669140625 0.798139705882353 0.4737890625 0.7915294117647059 0.47607421875 0.7941176470588235 0.484462890625 0.7932573529411764 0.511552734375
0 0.8613308823529412 0.4768359375 0.8604632352941176 0.4638671875 0.8716691176470588 0.4573828125 0.8920588235294118 0.459287109375 0.9001029411764707 0.4673046875 0.8963676470588234 0.48484375 0.8909117647058824 0.489423828125 0.8808602941176471 0.49248046875 0.8751176470588236 0.499345703125 0.8685073529411765 0.494384765625
0 0.8797132352941177 0.50201171875 0.8828676470588236 0.51498046875 0.8937867647058824 0.51765625 0.9044117647058824 0.511171875 0.9038382352941177 0.4962890625 0.8969411764705881 0.488662109375 0.8909117647058824 0.490947265625 0.8814338235294118 0.49400390625
0 0.8415073529411765 0.482939453125 0.8518529411764706 0.47912109375 0.8610441176470588 0.47912109375 0.8670735294117647 0.4898046875 0.8670735294117647 0.5062109375 0.857595588235294 0.520322265625 0.8478308823529411 0.520703125 0.8417941176470588 0.51041015625 0.8383529411764706 0.50048828125 0.8380661764705882 0.4867578125
0 0.857595588235294 0.522236328125 0.8581691176470587 0.539775390625 0.8624779411764706 0.54931640625 0.877125 0.5516015625 0.8857426470588234 0.54015625 0.8860294117647058 0.52833984375 0.8860294117647058 0.513837890625 0.8765514705882352 0.50849609375 0.8676470588235294 0.505830078125
0 0.8782720588235294 0.5485546875 0.8820073529411765 0.5340625 0.8871764705882352 0.52490234375 0.9015367647058823 0.518037109375 0.9064191176470588 0.520703125 0.9095808823529412 0.5321484375 0.9067058823529411 0.544736328125 0.9018235294117647 0.557705078125 0.8900514705882353 0.566484375 0.8802867647058824 0.551982421875
0 0.8449558823529413 0.57677734375 0.852139705882353 0.57677734375 0.8601764705882352 0.584033203125 0.8627647058823529 0.6038671875 0.8527132352941177 0.605009765625 0.8377794117647059 0.610732421875 0.832889705882353 0.608447265625 0.8271470588235295 0.59814453125 0.8294485294117647 0.584794921875
0 0.8004338235294117 0.617216796875 0.823985294117647 0.632099609375 0.8277205882352942 0.632861328125 0.8351911764705882 0.609208984375 0.8245661764705883 0.597001953125 0.8076176470588234 0.592421875 0.7984264705882352 0.60158203125
0 0.8616176470588235 0.586318359375 0.8736764705882353 0.587841796875 0.8814338235294118 0.58365234375 0.8897647058823529 0.5680078125 0.8820073529411765 0.55083984375 0.8607499999999999 0.55083984375 0.8495514705882353 0.55732421875 0.8475441176470588 0.576015625 0.8653529411764707 0.587841796875
0 0.8139338235294118 0.689697265625 0.826860294117647 0.69275390625 0.8380661764705882 0.704189453125 0.8423676470588235 0.72517578125 0.8423676470588235 0.7339453125 0.8291617647058824 0.7259375 0.8196838235294117 0.71869140625 0.8122132352941176 0.706484375 0.8116397058823529 0.696943359375
0 0.8449558823529413 0.731279296875 0.8351911764705882 0.720595703125 0.836625 0.701904296875 0.8527132352941177 0.7 0.865639705882353 0.71373046875 0.8699411764705881 0.7274609375 0.8573088235294118 0.728603515625
0 0.8808602941176471 0.70076171875 0.8679338235294118 0.701142578125 0.8550073529411765 0.695419921875 0.8486911764705882 0.68130859375 0.8498382352941176 0.664521484375 0.8561617647058825 0.659560546875 0.8621911764705882 0.66986328125 0.8710955882352942 0.66986328125 0.8776985294117647 0.66642578125 0.8817205882352942 0.672529296875 0.8817205882352942 0.68359375
0 0.8561617647058825 0.65689453125 0.8484044117647058 0.64201171875 0.8481176470588235 0.6362890625 0.8613308823529412 0.63171875 0.8733897058823529 0.625224609375 0.8754044117647058 0.634384765625 0.8822941176470589 0.645068359375 0.8822941176470589 0.655361328125 0.8822941176470589 0.66833984375 0.8785588235294117 0.66833984375 0.8731029411764707 0.67138671875 0.8619044117647059 0.6691015625
0 0.8866029411764705 0.65001953125 0.8986691176470588 0.650791015625 0.9075735294117647 0.65498046875 0.9092941176470589 0.663759765625 0.9075735294117647 0.68587890625 0.8992426470588235 0.686259765625 0.8880367647058823 0.683974609375 0.8814338235294118 0.680927734375 0.8785588235294117 0.666044921875 0.8794264705882353 0.658037109375
0 0.8782720588235294 0.704189453125 0.8957941176470589 0.714873046875 0.9009632352941176 0.715634765625 0.9058455882352942 0.703046875 0.8986691176470588 0.682451171875 0.8866029411764705 0.6851171875 0.8822941176470589 0.6820703125
0 0.9095808823529412 0.681689453125 0.9167647058823529 0.6965625 0.9276764705882353 0.700380859375 0.9325588235294118 0.689697265625 0.9314117647058824 0.679013671875 0.9271029411764705 0.65994140625 0.9136029411764706 0.656513671875 0.9092941176470589 0.6626171875
0 0.9299779411764706 0.6362890625 0.9388823529411765 0.64544921875 0.9503676470588235 0.646591796875 0.9595588235294118 0.6446875 0.9621470588235294 0.63056640625 0.9589852941176471 0.624462890625 0.9529558823529412 0.61951171875 0.9388823529411765 0.61455078125 0.9314117647058824 0.622939453125
0 0.9546764705882352 0.616455078125 0.9601323529411765 0.611875 0.974779411764706 0.608828125 0.9859852941176471 0.6103515625 0.9943161764705882 0.63248046875 0.9848382352941177 0.64392578125 0.9681764705882353 0.645830078125 0.9586985294117647 0.637431640625
0 0.9724852941176471 0.577548828125 0.9808161764705883 0.584794921875 0.9946029411764706 0.57869140625 0.9989117647058824 0.558857421875 0.9908676470588235 0.5420703125 0.9785147058823529 0.5420703125 0.9698970588235294 0.55580078125 0.9673161764705882 0.56876953125
0 0.9046985294117648 0.4997265625 0.9141764705882353 0.494384765625 0.9245147058823528 0.493623046875 0.9342794117647057 0.50697265625 0.9348602941176472 0.52490234375 0.9299779411764706 0.53634765625 0.911014705882353 0.543212890625 0.9067058823529411 0.52337890625 0.9044117647058824 0.512314453125
0 0.9615661764705883 0.486376953125 0.9713382352941177 0.49896484375 0.9856985294117647 0.50353515625 0.9940294117647059 0.487900390625 0.9946029411764706 0.468828125 0.9848382352941177 0.456240234375 0.9759338235294117 0.452041015625 0.9653014705882352 0.461962890625 0.9604191176470589 0.47912109375
0 0.9684632352941176 0.49248046875 0.9776544117647058 0.496669921875 0.9848382352941177 0.51421875 0.9842573529411764 0.5321484375 0.9727720588235295 0.53482421875 0.9624338235294119 0.5256640625 0.9555367647058823 0.512314453125 0.9578382352941177 0.49552734375 0.9655882352941176 0.48828125
0 0.8764264705882353 0.626630859375 0.892360294117647 0.618486328125 0.918095588235294 0.6353125 0.9185073529411765 0.655927734375 0.9078823529411765 0.65375 0.8837794117647059 0.65158203125
0 0.45922794117647053 0.34703125 0.4714264705882353 0.33083984375 0.4787426470588236 0.338701171875 0.4843161764705882 0.361845703125 0.4825735294117647 0.378505859375 0.47002941176470586 0.378974609375
0 0.761360294117647 0.502548828125 0.7589191176470589 0.5155078125 0.7638014705882353 0.532626953125 0.7707720588235294 0.536328125 0.7766911764705882 0.53541015625 0.7878455882352942 0.5155078125 0.7787867647058824 0.50578125
0 0.7798308823529412 0.572890625 0.7753014705882354 0.586318359375 0.7773897058823529 0.602978515625 0.7885441176470589 0.611767578125 0.7986470588235295 0.609462890625 0.8035294117647058 0.591875 0.7951617647058824 0.56595703125
0 0.569139705882353 0.462529296875 0.5830441176470589 0.450380859375 0.59475 0.4649609375 0.5918235294117647 0.498486328125 0.5804779411764707 0.505283203125 0.5716985294117647 0.494599609375 0.5684044117647059 0.48099609375
0 0.1801691176470588 0.126875 0.18739705882352942 0.122353515625 0.19419117647058826 0.135341796875 0.19377205882352938 0.1505859375 0.18186764705882352 0.177109375 0.17463970588235295 0.176552734375 0.16784558823529414 0.16130859375 0.16699264705882355 0.146630859375 0.17379411764705882 0.135908203125
0 0.03769852941176471 0.7075 0.025338235294117648 0.7121484375 0.018536764705882353 0.709140625 0.018536764705882353 0.7137890625 0.020602941176470588 0.727470703125 0.025544117647058825 0.740595703125 0.03399264705882353 0.74880859375 0.04552205882352941 0.74771484375 0.04964705882352941 0.739501953125 0.05047058823529412 0.731025390625 0.04882352941176471 0.722265625 0.043669117647058824 0.7116015625 0.043669117647058824 0.7116015625
0 0.0788970588235294 0.7143359375 0.08527941176470588 0.713515625 0.09084558823529412 0.7170703125 0.095375 0.721171875 0.09866911764705882 0.730205078125 0.09990441176470588 0.74443359375 0.09825735294117646 0.75263671875 0.09084558823529412 0.75345703125 0.08054411764705882 0.75126953125 0.06962499999999999 0.74498046875 0.06200735294117647 0.737041015625 0.05808823529411765 0.7214453125 0.061389705882352937 0.71734375 0.07188970588235294 0.713515625 0.07580882352941176 0.7116015625 0.07580882352941176 0.7116015625
0 0.17938970588235295 0.007412109375 0.18296323529411765 0.010830078125 0.18511029411764707 0.01728515625 0.18983088235294118 0.02451171875 0.19455147058823527 0.0305859375 0.1965514705882353 0.040654296875 0.18983088235294118 0.051103515625 0.1858235294117647 0.049208984375 0.18210294117647058 0.043505859375 0.17466911764705884 0.03078125 0.17252205882352942 0.023935546875 0.17166176470588235 0.015576171875 0.17123529411764707 0.006650390625 0.17123529411764707 0.006650390625
0 0.004117647058823529 0.818251953125 0.012529411764705881 0.825322265625 0.024029411764705882 0.845615234375 0.029698529411764707 0.865673828125 0.026948529411764705 0.871826171875 0.012875000000000001 0.86521484375 0.0036029411764705887 0.85609375 0.0008602941176470588 0.850625 0.00016911764705882353 0.83125 0.0013750000000000001 0.820078125 0.0013750000000000001 0.820078125
0 0.5468161764705882 0.378017578125 0.5519926470588236 0.379384765625 0.5547500000000001 0.384423828125 0.5561323529411765 0.391298828125 0.5578602941176471 0.3986328125 0.5578602941176471 0.40642578125 0.5571691176470588 0.415126953125 0.5533750000000001 0.420625 0.5481985294117647 0.426123046875 0.54475 0.428876953125 0.5409558823529412 0.42841796875 0.5364705882352941 0.423828125 0.5347426470588236 0.4155859375 0.5340514705882352 0.40779296875 0.5340514705882352 0.400009765625 0.5343970588235294 0.39359375 0.5375 0.38671875 0.540610294117647 0.3848828125 0.5423308823529412 0.383515625 0.5423308823529412 0.387177734375
0 0.25171323529411765 0.00158203125 0.25230882352941175 0.002373046875 0.2546985294117647 0.009501953125 0.2576764705882353 0.016630859375 0.25946323529411763 0.02216796875 0.2600588235294118 0.026923828125 0.2630441176470588 0.0324609375 0.2660220588235294 0.03642578125 0.26780882352941177 0.03958984375 0.2707941176470588 0.041962890625 0.2731764705882353 0.04275390625 0.27496323529411765 0.04275390625 0.27675 0.04275390625 0.2779485294117647 0.041962890625 0.2779485294117647 0.040380859375 0.2779485294117647 0.035625 0.27675 0.029296875 0.27555882352941174 0.022958984375 0.27496323529411765 0.017421875 0.2743676470588235 0.012666015625 0.2743676470588235 0.0087109375 0.2731764705882353 0.006337890625 0.2731764705882353 0.005546875 0.27198529411764705 0.003955078125 0.2696029411764706 0.002373046875 0.2654264705882353 0.000791015625 0.26185294117647057 0.0 0.2570808823529412 0.0 0.2647058823529412 0.002861328125
0 0.022794117647058822 0.6591796875 0.021323529411764706 0.6611328125 0.020588235294117647 0.6630859375 0.019852941176470587 0.6669921875 0.01911764705882353 0.671875 0.01911764705882353 0.6884765625 0.019852941176470587 0.69140625 0.021323529411764706 0.693359375 0.022794117647058822 0.6943359375 0.02426470588235294 0.6953125 0.027205882352941177 0.6962890625 0.029411764705882353 0.6962890625 0.030882352941176472 0.6943359375 0.03161764705882353 0.6943359375 0.03235294117647059 0.693359375 0.03308823529411765 0.69140625 0.03455882352941177 0.6875 0.03529411764705882 0.68359375 0.03529411764705882 0.6728515625 0.03455882352941177 0.669921875 0.03308823529411765 0.6650390625 0.029411764705882353 0.66015625 0.026470588235294117 0.6591796875
0 0.021323529411764706 0.6123046875 0.020588235294117647 0.6142578125 0.019852941176470587 0.6171875 0.01911764705882353 0.623046875 0.01911764705882353 0.625 0.019852941176470587 0.6279296875 0.020588235294117647 0.6318359375 0.023529411764705882 0.638671875 0.02426470588235294 0.64453125 0.025 0.646484375 0.025735294117647058 0.6484375 0.028676470588235293 0.65234375 0.03455882352941177 0.6513671875 0.03529411764705882 0.6494140625 0.03676470588235294 0.64453125 0.03676470588235294 0.640625 0.03529411764705882 0.6337890625 0.03455882352941177 0.630859375 0.033823529411764704 0.62890625 0.03235294117647059 0.626953125 0.029411764705882353 0.625 0.025735294117647058 0.6201171875 0.025735294117647058 0.61328125 0.025 0.6123046875 0.025 0.6103515625
0 0.0375 0.5009765625 0.03529411764705882 0.501953125 0.03308823529411765 0.5029296875 0.030882352941176472 0.5048828125 0.030882352941176472 0.509765625 0.03161764705882353 0.51171875 0.03823529411764706 0.521484375 0.04411764705882353 0.529296875 0.04779411764705882 0.5361328125 0.04852941176470588 0.537109375 0.04926470588235294 0.537109375 0.05073529411764706 0.5390625 0.05514705882352941 0.5419921875 0.05808823529411765 0.54296875 0.061764705882352944 0.5419921875 0.0625 0.5400390625 0.0625 0.53515625 0.061764705882352944 0.53125 0.06102941176470588 0.5283203125 0.060294117647058824 0.5263671875 0.05955882352941176 0.5244140625 0.05808823529411765 0.521484375 0.05514705882352941 0.517578125 0.05367647058823529 0.513671875 0.047058823529411764 0.5048828125 0.04485294117647059 0.5029296875 0.041176470588235294 0.5009765625
0 0.016176470588235296 0.4501953125 0.014705882352941176 0.4501953125 0.011764705882352941 0.4541015625 0.011029411764705883 0.45703125 0.011029411764705883 0.4599609375 0.011764705882352941 0.4638671875 0.0125 0.466796875 0.013235294117647059 0.4697265625 0.014705882352941176 0.474609375 0.015441176470588236 0.4765625 0.01764705882352941 0.48046875 0.019852941176470587 0.484375 0.020588235294117647 0.4853515625 0.021323529411764706 0.4853515625 0.022794117647058822 0.4873046875 0.02426470588235294 0.48828125 0.030147058823529412 0.4873046875 0.030882352941176472 0.4853515625 0.030882352941176472 0.474609375 0.030147058823529412 0.4697265625 0.029411764705882353 0.466796875 0.027205882352941177 0.4609375 0.025735294117647058 0.4580078125 0.023529411764705882 0.4541015625 0.020588235294117647 0.4501953125 0.01764705882352941 0.44921875
0 0.0 0.7607421875 0.0 0.8076171875 0.0022058823529411764 0.8076171875 0.004411764705882353 0.8095703125 0.013235294117647059 0.8095703125 0.014705882352941176 0.80859375 0.016176470588235296 0.806640625 0.01764705882352941 0.8037109375 0.01838235294117647 0.8017578125 0.01911764705882353 0.796875 0.01911764705882353 0.7900390625 0.01838235294117647 0.7841796875 0.01764705882352941 0.78125 0.016176470588235296 0.7783203125 0.015441176470588236 0.7744140625 0.015441176470588236 0.76953125 0.013970588235294118 0.765625 0.0125 0.7646484375 0.008823529411764706 0.763671875 0.004411764705882353 0.763671875 0.0014705882352941176 0.7607421875
0 0.03529411764705882 0.970703125 0.03235294117647059 0.9736328125 0.029411764705882353 0.9736328125 0.026470588235294117 0.974609375 0.025 0.9755859375 0.02426470588235294 0.9775390625 0.02426470588235294 0.9931640625 0.025 0.9951171875 0.026470588235294117 0.9970703125 0.027941176470588237 0.998046875 0.03455882352941177 0.9990234375 0.052941176470588235 0.9990234375 0.05808823529411765 0.998046875 0.05955882352941176 0.9970703125 0.06102941176470588 0.9931640625 0.06102941176470588 0.9892578125 0.060294117647058824 0.9853515625 0.05955882352941176 0.982421875 0.05661764705882353 0.9755859375 0.05514705882352941 0.974609375 0.05367647058823529 0.9736328125 0.04852941176470588 0.9736328125 0.04632352941176471 0.9716796875 0.04338235294117647 0.970703125
0 0.08602941176470588 0.9775390625 0.08014705882352942 0.984375 0.07867647058823529 0.986328125 0.07794117647058824 0.98828125 0.07794117647058824 0.9931640625 0.07867647058823529 0.9951171875 0.08014705882352942 0.9970703125 0.08529411764705883 0.998046875 0.10514705882352941 0.9970703125 0.10514705882352941 0.9921875 0.1036764705882353 0.9892578125 0.10220588235294117 0.9873046875 0.09779411764705882 0.982421875 0.09558823529411764 0.98046875 0.09117647058823529 0.9775390625
0 0.011764705882352941 0.9072265625 0.010294117647058823 0.9091796875 0.010294117647058823 0.9296875 0.011764705882352941 0.9345703125 0.011764705882352941 0.939453125 0.0125 0.9443359375 0.013235294117647059 0.9482421875 0.013970588235294118 0.9521484375 0.015441176470588236 0.955078125 0.016911764705882352 0.958984375 0.01838235294117647 0.9619140625 0.019852941176470587 0.96484375 0.021323529411764706 0.966796875 0.023529411764705882 0.9677734375 0.025735294117647058 0.9697265625 0.027941176470588237 0.966796875 0.030882352941176472 0.9599609375 0.03308823529411765 0.9541015625 0.033823529411764704 0.94921875 0.03455882352941177 0.9423828125 0.03455882352941177 0.927734375 0.033823529411764704 0.9248046875 0.03235294117647059 0.921875 0.030147058823529412 0.919921875 0.030147058823529412 0.9189453125 0.027941176470588237 0.916015625 0.027941176470588237 0.9150390625 0.026470588235294117 0.9130859375 0.025 0.912109375 0.023529411764705882 0.9111328125 0.021323529411764706 0.91015625 0.01764705882352941 0.91015625 0.013970588235294118 0.9072265625
0 0.2926470588235294 0.904296875 0.29044117647058826 0.9052734375 0.2867647058823529 0.9072265625 0.2852941176470588 0.908203125 0.28308823529411764 0.9111328125 0.2823529411764706 0.9130859375 0.2823529411764706 0.9248046875 0.28455882352941175 0.927734375 0.2852941176470588 0.927734375 0.28823529411764703 0.931640625 0.29044117647058826 0.935546875 0.2911764705882353 0.9375 0.29191176470588237 0.9404296875 0.29191176470588237 0.9443359375 0.2933823529411765 0.9462890625 0.29558823529411765 0.9462890625 0.3058823529411765 0.9453125 0.30808823529411766 0.943359375 0.31029411764705883 0.94140625 0.3110294117647059 0.9384765625 0.3125 0.935546875 0.31323529411764706 0.931640625 0.3139705882352941 0.92578125 0.3125 0.9208984375 0.3110294117647059 0.9189453125 0.3110294117647059 0.91796875 0.31029411764705883 0.9169921875 0.30661764705882355 0.9140625 0.3044117647058823 0.9111328125 0.3044117647058823 0.91015625 0.30220588235294116 0.9072265625 0.30073529411764705 0.90625 0.29926470588235293 0.9052734375 0.2963235294117647 0.904296875
0 0.23897058823529413 0.0029296875 0.2338235294117647 0.005859375 0.23088235294117648 0.0068359375 0.23088235294117648 0.0087890625 0.2286764705882353 0.01171875 0.22941176470588234 0.013671875 0.2301470588235294 0.0185546875 0.23161764705882354 0.0205078125 0.23676470588235293 0.0234375 0.23897058823529413 0.02734375 0.24191176470588235 0.02734375 0.24338235294117647 0.02734375 0.24779411764705883 0.0244140625 0.24926470588235294 0.0224609375 0.25 0.0205078125 0.25073529411764706 0.0185546875 0.2514705882352941 0.0087890625 0.2514705882352941 0.0068359375 0.24926470588235294 0.00390625 0.24705882352941178 0.0029296875 0.24558823529411763 0.0029296875 0.24411764705882352 0.00390625
0 0.20808823529411766 0.00390625 0.20661764705882352 0.005859375 0.20441176470588235 0.01171875 0.20441176470588235 0.0146484375 0.2051470588235294 0.015625 0.20588235294117646 0.0205078125 0.20588235294117646 0.025390625 0.20661764705882352 0.029296875 0.20808823529411766 0.0322265625 0.20955882352941177 0.03515625 0.21176470588235294 0.037109375 0.21470588235294116 0.0380859375 0.22058823529411764 0.0380859375 0.22279411764705884 0.03515625 0.225 0.03125 0.22647058823529412 0.0283203125 0.22647058823529412 0.0205078125 0.22573529411764706 0.0166015625 0.22426470588235295 0.013671875 0.22279411764705884 0.0107421875 0.22058823529411764 0.0078125 0.22058823529411764 0.0068359375 0.21911764705882353 0.0048828125 0.21764705882352942 0.00390625
0 0.29359558823529414 0.0 0.29359558823529414 0.001142578125 0.29359558823529414 0.00228515625 0.29359558823529414 0.0125390625 0.29359558823529414 0.013681640625 0.29359558823529414 0.017099609375 0.2944485294117647 0.017099609375 0.2978823529411765 0.02052734375 0.30046323529411767 0.02052734375 0.30303676470588237 0.02166015625 0.30904411764705886 0.02052734375 0.31333823529411764 0.017099609375 0.31677205882352943 0.010263671875 0.31934558823529413 0.005703125 0.31934558823529413 0.00228515625 0.31934558823529413 0.001142578125 0.31934558823529413 0.001142578125
0 0.05911764705882353 0.604384765625 0.06110294117647058 0.606357421875 0.06657352941176471 0.60900390625 0.07104411764705883 0.612294921875 0.07501470588235294 0.616259765625 0.07849264705882353 0.6228515625 0.08346323529411766 0.6301171875 0.08445588235294117 0.636708984375 0.0859485294117647 0.64462890625 0.08644117647058824 0.6479296875 0.08395588235294119 0.6538671875 0.08147058823529411 0.655849609375 0.077 0.655849609375 0.07302941176470587 0.654521484375 0.06706617647058823 0.65123046875 0.06259558823529411 0.6479296875 0.06011029411764706 0.645947265625 0.05663235294117647 0.641328125 0.05414705882352941 0.6360546875 0.050676470588235295 0.628134765625 0.04769117647058824 0.617578125 0.04769117647058824 0.612294921875 0.04868382352941176 0.609658203125 0.049676470588235294 0.60833984375 0.049676470588235294 0.60833984375
0 0.37654411764705886 0.988251953125 0.3779411764705882 0.986923828125 0.3831323529411764 0.98375 0.386125 0.982421875 0.3889191176470588 0.98189453125 0.391514705882353 0.982421875 0.39550735294117645 0.98427734375 0.3975073529411765 0.98931640625 0.3985 0.994619140625 0.39890441176470587 0.9990234375 0.39810294117647055 0.9990234375 0.39450735294117645 0.9990234375 0.38951470588235293 0.9990234375 0.3845294117647059 0.9990234375 0.3811323529411765 0.9990234375 0.3771397058823529 0.994619140625 0.37513970588235296 0.99037109375 0.3741470588235294 0.987724609375
0 0.42944852941176465 0.995146484375 0.42964705882352944 0.99435546875 0.43184558823529406 0.989052734375 0.43383823529411764 0.9861328125 0.43583823529411764 0.984541015625 0.4386323529411764 0.984541015625 0.4430220588235294 0.98560546875 0.4456176470588235 0.987197265625 0.4464191176470588 0.990107421875 0.4480147058823529 0.993818359375 0.44881617647058825 0.997001953125 0.44881617647058825 0.9990234375 0.4478161764705882 0.9990234375 0.4442205882352941 0.9990234375 0.4378308823529412 0.9990234375 0.43483823529411764 0.9990234375 0.43263970588235295 0.9990234375 0.43263970588235295 0.9990234375
0 0.8129779411764707 0.714345703125 0.8161691176470588 0.7159375 0.821360294117647 0.719111328125 0.8241544117647058 0.721767578125 0.8267500000000001 0.723359375 0.8309485294117647 0.72654296875 0.8333382352941175 0.728662109375 0.8331397058823529 0.731845703125 0.8289485294117647 0.73529296875 0.8255514705882353 0.736083984375 0.8211617647058823 0.735556640625 0.8159705882352941 0.733701171875 0.8121764705882353 0.73158203125 0.8087867647058824 0.729453125 0.8065882352941177 0.727333984375 0.8051911764705882 0.72521484375 0.8043897058823529 0.7196484375 0.8051911764705882 0.7156640625 0.8073897058823529 0.71275390625 0.8089852941176471 0.712216796875 0.8089852941176471 0.712216796875
0 0.6618382352941177 0.415859375 0.6633382352941176 0.415859375 0.6663308823529412 0.41431640625 0.668 0.41365234375 0.6698235294117647 0.413212890625 0.6724926470588235 0.4138671875 0.6746544117647059 0.41498046875 0.6778161764705882 0.417626953125 0.6804779411764706 0.421826171875 0.6806397058823529 0.424482421875 0.6809779411764706 0.428017578125 0.6808088235294117 0.43265625 0.6798088235294117 0.435751953125 0.6784779411764706 0.439501953125 0.6774779411764706 0.441494140625 0.675485294117647 0.44259765625 0.6728235294117647 0.4434765625 0.6691617647058823 0.444140625 0.6651691176470588 0.444365234375 0.6623382352941176 0.44392578125 0.6608455882352942 0.44326171875 0.6593455882352941 0.441494140625 0.6571838235294117 0.438173828125 0.656514705882353 0.435087890625 0.6566838235294118 0.431328125 0.6571838235294117 0.42646484375 0.658514705882353 0.422265625 0.6593455882352941 0.419619140625 0.6610073529411765 0.4171875
0 0.07553676470588236 0.443701171875 0.07702941176470589 0.444140625 0.07969117647058824 0.44546875 0.08302205882352941 0.446796875 0.08585294117647059 0.44900390625 0.08967647058823529 0.4512109375 0.09316911764705882 0.453427734375 0.0955 0.455859375 0.09716176470588234 0.457626953125 0.09849264705882352 0.4602734375 0.09932352941176471 0.4629296875 0.09949264705882353 0.46734375 0.09833088235294117 0.46955078125 0.09516911764705883 0.47154296875 0.09133823529411765 0.471767578125 0.08801470588235294 0.469775390625 0.08485294117647059 0.46646484375 0.08252205882352942 0.464248046875 0.08002941176470589 0.4609375 0.07719852941176471 0.45607421875 0.07470588235294118 0.452099609375 0.07386764705882352 0.44966796875 0.07420588235294118 0.4474609375 0.0761985294117647 0.4474609375
0 0.9827573529411764 0.371328125 0.9839558823529412 0.370380859375 0.9856323529411765 0.368466796875 0.9885073529411764 0.366240234375 0.9918602941176471 0.365283203125 0.9949779411764706 0.36560546875 0.9964117647058822 0.3665625 0.997610294117647 0.36814453125 0.9990514705882353 0.370693359375 0.9992647058823529 0.3732421875 0.9992647058823529 0.37865234375 0.9990514705882353 0.382783203125 0.9988088235294118 0.387236328125 0.9985735294117647 0.3907421875 0.9983308823529412 0.39423828125 0.9964117647058822 0.400283203125 0.9956985294117647 0.402509765625 0.9942573529411766 0.40474609375 0.9921029411764706 0.405693359375 0.98875 0.40697265625 0.985875 0.406015625 0.9832352941176471 0.40283203125 0.9818014705882353 0.399013671875 0.9815588235294118 0.39392578125 0.9818014705882353 0.388515625 0.9825220588235294 0.38341796875 0.9827573529411764 0.379599609375 0.9827573529411764 0.379599609375
0 0.3542426470588235 0.324267578125 0.3542426470588235 0.32408203125 0.3553529411764706 0.319482421875 0.3571544117647059 0.314697265625 0.36103676470588236 0.31064453125 0.36380882352941174 0.3084375 0.36561029411764706 0.30732421875 0.36699264705882356 0.306962890625 0.3685220588235294 0.306962890625 0.3700441176470588 0.307509765625 0.37115441176470587 0.30935546875 0.37171323529411765 0.3128515625 0.371985294117647 0.315986328125 0.372125 0.318564453125 0.372125 0.321318359375 0.372125 0.324638671875 0.372125 0.328134765625 0.3718455882352941 0.33181640625 0.37115441176470587 0.3360546875 0.3706029411764706 0.339736328125 0.37018382352941176 0.342314453125 0.3694926470588235 0.34544921875 0.36866176470588236 0.347470703125 0.3665808823529412 0.34857421875 0.36158823529411765 0.348203125 0.35909558823529414 0.3463671875 0.3567352941176471 0.341396484375 0.3550735294117647 0.334580078125 0.3543823529411765 0.32794921875 0.3543823529411765 0.32794921875
0 0.30516176470588235 0.98275390625 0.30613235294117647 0.98146484375 0.30918382352941176 0.97943359375 0.31125735294117646 0.978515625 0.3136176470588235 0.978330078125 0.31583823529411764 0.979072265625 0.31736029411764705 0.980361328125 0.31888970588235294 0.982197265625 0.3201323529411765 0.983857421875 0.32235294117647056 0.98716796875 0.32276470588235295 0.98845703125 0.3234632352941177 0.99103515625 0.3234632352941177 0.994716796875 0.32373529411764707 0.9978515625 0.32332352941176473 0.9990234375 0.3222132352941176 0.9990234375 0.3205514705882353 0.9990234375 0.31819117647058826 0.9990234375 0.31527941176470586 0.9990234375 0.3113970588235294 0.9990234375 0.3084852941176471 0.9990234375 0.30640441176470584 0.9990234375 0.3039117647058823 0.9990234375 0.30225 0.998408203125 0.301 0.99748046875 0.3004485294117647 0.9952734375 0.30058823529411766 0.991220703125 0.3014191176470588 0.98845703125 0.30322058823529413 0.985693359375 0.30516176470588235 0.983125
0 0.29016176470588234 0.0 0.29016176470588234 0.000224609375 0.29016176470588234 0.00486328125 0.2876617647058824 0.01259765625 0.2868308823529412 0.015029296875 0.28483823529411767 0.015693359375 0.2816764705882353 0.015244140625 0.2763529411764706 0.012373046875 0.2743529411764706 0.009501953125 0.2730220588235294 0.00287109375 0.2730220588235294 0.0006640625 0.27319117647058827 0.000439453125
0 0.6228676470588236 0.747216796875 0.6240661764705883 0.746787109375 0.6261544117647059 0.747744140625 0.6289632352941177 0.75041015625 0.6314485294117647 0.7537109375 0.633375 0.756806640625 0.6331323529411764 0.7604296875 0.6326544117647058 0.76447265625 0.6317720588235295 0.768740234375 0.6306470588235293 0.772890625 0.629764705882353 0.775556640625 0.6282426470588235 0.778759765625 0.6271176470588236 0.7803515625 0.62575 0.781416015625 0.6247132352941177 0.781630859375 0.6231029411764706 0.780888671875 0.6201397058823529 0.7784375 0.6173308823529412 0.775556640625 0.6151617647058824 0.77119140625 0.6141985294117647 0.767353515625 0.6150808823529411 0.763623046875 0.6166029411764706 0.759365234375 0.6181323529411764 0.754033203125 0.6201397058823529 0.750947265625 0.6219044117647059 0.749453125 0.6227058823529412 0.74923828125
