0 0.04366176470588236 0.22517578125 0.04209558823529412 0.24275390625 0.04522794117647059 0.24802734375 0.05702205882352941 0.24466796875 0.06267647058823529 0.22693359375 0.060625000000000005 0.21990234375
0 0.04570588235294117 0.248505859375 0.042698529411764705 0.259375 0.039205882352941174 0.264970703125 0.04413970588235294 0.273916015625 0.05449264705882353 0.274716796875 0.06423529411764706 0.26353515625 0.056654411764705884 0.2453125
0 0.07278676470588234 0.29421875 0.06327941176470589 0.306689453125 0.05894117647058823 0.31755859375 0.06568382352941177 0.323466796875 0.07566911764705882 0.32314453125 0.07952205882352942 0.316591796875 0.07855882352941176 0.297890625
0 0.07988235294117647 0.3586328125 0.073625 0.368857421875 0.07398529411764707 0.380205078125 0.0814485294117647 0.38404296875 0.08914705882352941 0.381650390625 0.08902941176470588 0.363583984375
0 0.0742279411764706 0.38052734375 0.06941176470588235 0.3866015625 0.06844852941176471 0.41521484375 0.07447058823529412 0.41904296875 0.08674264705882354 0.404658203125 0.08722794117647059 0.385166015625
0 0.0853014705882353 0.40673828125 0.0742279411764706 0.41904296875 0.07483088235294118 0.430234375 0.08000735294117647 0.445576171875 0.08806617647058823 0.442705078125 0.09492647058823529 0.422724609375 0.09155882352941176 0.409140625
0 0.09408088235294118 0.4546875 0.08927205882352941 0.46427734375 0.09227941176470589 0.482177734375 0.09733088235294118 0.490166015625 0.10816176470588235 0.47833984375 0.10792647058823529 0.45724609375 0.10358823529411765 0.450849609375
0 0.1078014705882353 0.4564453125 0.11719117647058823 0.442705078125 0.12091911764705882 0.443818359375 0.12922058823529411 0.46603515625 0.12380882352941176 0.482177734375 0.10888970588235294 0.4807421875
0 0.12705882352941178 0.4562890625 0.13536029411764705 0.447333984375 0.14643382352941176 0.4475 0.15125 0.463154296875 0.14811764705882352 0.475302734375 0.12994852941176468 0.46939453125
0 0.14691176470588235 0.476103515625 0.15052205882352943 0.47130859375 0.16075735294117646 0.473388671875 0.1666470588235294 0.490654296875 0.15894852941176468 0.50263671875 0.1466764705882353 0.496240234375 0.14174264705882353 0.486650390625
0 0.14233823529411765 0.319794921875 0.15136764705882355 0.30716796875 0.16002941176470586 0.32138671875 0.16099264705882352 0.3378515625 0.15509558823529412 0.3482421875 0.14908088235294117 0.346484375
0 0.17014705882352943 0.1958984375 0.16691176470588234 0.20244140625 0.16838235294117648 0.20771484375 0.1673529411764706 0.219921875 0.17029411764705882 0.226953125 0.18102941176470588 0.22236328125 0.18308823529411763 0.20703125 0.18191176470588236 0.19833984375
0 0.1827205882352941 0.19833984375 0.18772058823529414 0.19541015625 0.1922794117647059 0.20126953125 0.20147058823529412 0.207421875 0.1986029411764706 0.2251953125 0.19176470588235295 0.234765625 0.18191176470588236 0.221484375 0.18360294117647058 0.20703125
0 0.18095588235294116 0.22197265625 0.17154411764705882 0.22646484375 0.17176470588235293 0.242578125 0.17433823529411765 0.25068359375 0.18632352941176472 0.252734375 0.19161764705882356 0.24287109375 0.19125 0.23310546875
0 0.19213235294117648 0.2345703125 0.19852941176470587 0.2326171875 0.20676470588235293 0.23994140625 0.20779411764705885 0.2556640625 0.20301470588235296 0.2625 0.19308823529411767 0.26025390625 0.18764705882352942 0.2501953125
0 0.245 0.24345703125 0.25220588235294117 0.24375 0.2616911764705882 0.24091796875 0.2651544117647059 0.24583984375 0.2612058823529412 0.2572265625 0.25161029411764707 0.26837890625 0.2389264705882353 0.262919921875
0 0.1954191176470588 0.390234375 0.18849264705882354 0.4 0.18608823529411767 0.414453125 0.19513235294117648 0.42421875 0.20333823529411765 0.420654296875 0.21125735294117648 0.3979296875 0.2064485294117647 0.39267578125
0 0.18594117647058822 0.416708984375 0.1791544117647059 0.418212890625 0.175625 0.428544921875 0.1804264705882353 0.449765625 0.18806617647058824 0.45314453125 0.19216911764705885 0.447880859375 0.19584558823529413 0.427041015625
0 0.19683088235294116 0.425908203125 0.2039044117647059 0.42177734375 0.21210294117647058 0.430791015625 0.21125735294117648 0.454833984375 0.2006470588235294 0.45990234375 0.1940073529411765 0.450517578125 0.1924485294117647 0.44638671875
0 0.222 0.330322265625 0.21210294117647058 0.334638671875 0.20786029411764706 0.34759765625 0.21309558823529412 0.3609375 0.222 0.359990234375 0.22737500000000002 0.343466796875
0 0.222 0.32806640625 0.22270588235294117 0.316611328125 0.23275 0.308916015625 0.23967647058823527 0.326376953125 0.23741176470588235 0.3393359375 0.22850735294117647 0.339521484375
0 0.2283676470588235 0.34177734375 0.23783823529411763 0.3402734375 0.24391911764705884 0.361123046875 0.23783823529411763 0.37408203125 0.22511029411764705 0.372763671875 0.22172058823529414 0.359990234375
0 0.24094117647058824 0.225439453125 0.2514191176470588 0.21853515625 0.2596470588235294 0.2153125 0.2680514705882353 0.2173828125 0.26276470588235296 0.2402734375 0.24423529411764708 0.242578125
0 0.2681323529411765 0.21830078125 0.27280882352941177 0.21658203125 0.28086764705882356 0.209794921875 0.28511029411764705 0.2258984375 0.27766176470588233 0.240732421875 0.26891176470588235 0.24625 0.263110294117647 0.241884765625
0 0.35004411764705884 0.260146484375 0.34854411764705884 0.26611328125 0.34713970588235293 0.278408203125 0.3547205882352941 0.28537109375 0.35846323529411767 0.283505859375 0.3622941176470588 0.27306640625 0.3605220588235294 0.26486328125 0.3558382352941176 0.261513671875
0 0.3484485294117647 0.280146484375 0.34125 0.28412109375 0.34068382352941173 0.29169921875 0.3463897058823529 0.306240234375 0.35434558823529416 0.302763671875 0.3599558823529412 0.296923828125 0.35761764705882354 0.284248046875
0 0.3582720588235294 0.283134765625 0.36266911764705884 0.271572265625 0.36819117647058824 0.270830078125 0.3730514705882353 0.274677734375 0.37511029411764707 0.28375 0.36472794117647056 0.298037109375 0.36117647058823527 0.296923828125
0 0.35930147058823525 0.297294921875 0.35359558823529413 0.302890625 0.34686029411764707 0.304375 0.34499264705882354 0.3160546875 0.3477941176470588 0.323134765625 0.35565441176470586 0.32388671875 0.3666029411764706 0.316181640625 0.3639779411764706 0.29853515625
0 0.37174264705882354 0.272197265625 0.36875 0.260771484375 0.3740808823529412 0.252197265625 0.37978676470588235 0.2528125 0.3846544117647059 0.262255859375 0.38475 0.28064453125 0.3758602941176471 0.2823828125
0 0.3054632352941177 0.32732421875 0.3037058823529412 0.332470703125 0.3025073529411765 0.353203125 0.3077720588235294 0.359091796875 0.3128529411764706 0.35884765625 0.3146029411764706 0.343388671875 0.3140514705882353 0.329404296875
0 0.28088970588235296 0.427802734375 0.27691911764705884 0.439208984375 0.27313235294117644 0.454052734375 0.2765514705882353 0.467919921875 0.28513970588235293 0.4707421875 0.294375 0.4612890625 0.2938235294117647 0.444853515625 0.28911029411764705 0.43466796875
0 0.2765514705882353 0.4681640625 0.27238970588235295 0.48080078125 0.2735955882352941 0.499326171875 0.2819044117647059 0.508896484375 0.288375 0.502021484375 0.28809558823529413 0.48251953125 0.28513970588235293 0.47208984375
0 0.2874485294117647 0.47 0.29455882352941176 0.4612890625 0.3011176470588235 0.463623046875 0.3063823529411765 0.484970703125 0.3083235294117647 0.4926953125 0.30305882352941177 0.5101171875 0.2934558823529412 0.509140625 0.2886470588235294 0.502021484375 0.2888308823529412 0.4830078125
0 0.3171029411764706 0.44375 0.321625 0.434423828125 0.32911029411764703 0.4333203125 0.3373308823529412 0.4412890625 0.3421323529411765 0.44779296875 0.3400073529411765 0.459453125 0.3325294117647059 0.470244140625 0.3260588235294118 0.466201171875
0 0.2811691176470588 0.557724609375 0.28818382352941174 0.548642578125 0.2989926470588235 0.559931640625 0.29511764705882354 0.586796875 0.288375 0.586552734375 0.2801544117647059 0.57244140625
0 0.2802426470588235 0.573916015625 0.2751617647058824 0.576123046875 0.27349999999999997 0.58421875 0.27636029411764707 0.6059375 0.2874485294117647 0.608017578125 0.290125 0.587412109375
0 0.2908823529411765 0.590927734375 0.29767647058823526 0.588779296875 0.30457352941176474 0.595224609375 0.3069485294117647 0.618701171875 0.29411764705882354 0.626298828125 0.2882941176470588 0.610546875
0 0.25476470588235295 0.62529296875 0.26425 0.618564453125 0.2716911764705882 0.625146484375 0.27611029411764704 0.641904296875 0.26489705882352943 0.6512109375 0.25120588235294117 0.644765625 0.25163970588235296 0.63216796875
0 0.3359485294117647 0.38732421875 0.3286470588235294 0.4046875 0.333 0.41673828125 0.3407794117647059 0.41580078125 0.34902941176470587 0.4009375 0.3423088235294118 0.38810546875
0 0.3498529411764706 0.40234375 0.3598676470588235 0.395146484375 0.36694117647058827 0.40265625 0.3674117647058824 0.4259765625 0.3589264705882353 0.432705078125 0.35150000000000003 0.419248046875 0.34797058823529414 0.408134765625
0 0.3457279411764706 0.409384765625 0.33936764705882355 0.41658203125 0.3420735294117647 0.4284765625 0.3446691176470588 0.43896484375 0.3583382352941176 0.431767578125 0.351860294117647 0.419873046875
0 0.3326470588235294 0.417841796875 0.32876470588235296 0.423154296875 0.33052941176470585 0.434111328125 0.34054411764705883 0.444287109375 0.34750000000000003 0.43974609375 0.34042647058823533 0.419248046875
0 0.41855147058823533 0.38748046875 0.4247941176470588 0.3796484375 0.43575735294117646 0.386064453125 0.4377573529411765 0.406416015625 0.429389705882353 0.411103515625 0.4210294117647059 0.40375 0.4207941176470588 0.396708984375
0 0.43516911764705885 0.446318359375 0.43611029411764707 0.46150390625 0.4423529411764706 0.469169921875 0.4516617647058824 0.469013671875 0.4564926470588236 0.460087890625 0.4566102941176471 0.445849609375 0.4491911764705882 0.44083984375 0.4430588235294117 0.445224609375
0 0.38166911764705885 0.533330078125 0.3787205882352941 0.545859375 0.3828455882352941 0.55822265625 0.3857941176470588 0.569326171875 0.3946323529411765 0.556494140625 0.39439705882352943 0.547734375 0.3942794117647059 0.53818359375 0.3903897058823529 0.532392578125
0 0.3953382352941176 0.542412109375 0.4021764705882353 0.541162109375 0.40605882352941175 0.548203125 0.39922794117647065 0.56166015625 0.3959264705882353 0.55837890625
0 0.3784852941176471 0.545068359375 0.3690588235294118 0.546640625 0.36623529411764705 0.565263671875 0.3702426470588235 0.581376953125 0.38213970588235296 0.579501953125 0.3852058823529412 0.568232421875
0 0.4414117647058824 0.58716796875 0.4364632352941177 0.590458984375 0.4325735294117647 0.604228515625 0.42891911764705887 0.613310546875 0.437875 0.6200390625 0.4514264705882353 0.601728515625 0.44825 0.591865234375
0 0.42927205882352937 0.614560546875 0.42314705882352943 0.626298828125 0.4200808823529411 0.63302734375 0.42444117647058827 0.646484375 0.4389411764705883 0.643515625 0.43822794117647057 0.6192578125
0 0.4389411764705883 0.6200390625 0.4488382352941176 0.606572265625 0.4562573529411765 0.625986328125 0.4489558823529412 0.643515625 0.4423529411764706 0.648984375 0.4396470588235294 0.643828125
0 0.3598676470588235 0.666513671875 0.36505147058823534 0.65900390625 0.37683823529411764 0.666044921875 0.37943382352941174 0.676064453125 0.37388970588235293 0.68404296875 0.36705882352941177 0.68341796875 0.36069117647058824 0.6738671875
0 0.3588088235294118 0.664951171875 0.3523308823529412 0.66025390625 0.34396323529411765 0.6737109375 0.33807352941176466 0.689990234375 0.35044117647058826 0.687958984375 0.3596323529411765 0.6721484375
0 0.018051470588235294 0.503173828125 0.029294117647058825 0.495078125 0.03538970588235294 0.5025390625 0.036823529411764706 0.514287109375 0.03204411764705882 0.529853515625 0.02522794117647059 0.529697265625 0.020088235294117646 0.515087890625
0 0.08668382352941177 0.563515625 0.09122794117647058 0.542236328125 0.10114705882352941 0.543193359375 0.11191176470588235 0.544462890625 0.11047058823529413 0.5611328125 0.10091176470588235 0.563994140625 0.09313970588235294 0.56462890625
0 0.09301470588235294 0.56701171875 0.09708088235294118 0.583525390625 0.10318382352941177 0.588447265625 0.11812500000000001 0.577490234375 0.11549264705882352 0.563671875 0.10903676470588235 0.560185546875
0 0.0835735294117647 0.563037109375 0.07675735294117647 0.565107421875 0.07460294117647058 0.57923828125 0.08225735294117648 0.5952734375 0.09373529411764706 0.596064453125 0.0983970588235294 0.585107421875 0.09289705882352942 0.56828125
0 0.08261764705882353 0.596865234375 0.07102205882352941 0.6097265625 0.06850735294117648 0.619091796875 0.07663970588235294 0.626083984375 0.09134558823529412 0.61734375 0.09480882352941176 0.605595703125 0.09194117647058823 0.59654296875
0 0.10963970588235294 0.66244140625 0.10234558823529412 0.6830859375 0.10425735294117647 0.69515625 0.11358088235294117 0.70404296875 0.1257794117647059 0.698173828125 0.13247058823529412 0.678642578125 0.12721323529411763 0.66498046875 0.12099264705882354 0.660537109375
0 0.1160955882352941 0.703408203125 0.11071323529411764 0.720400390625 0.11071323529411764 0.731044921875 0.11800735294117648 0.7366015625 0.13211029411764705 0.72802734375 0.1340294117647059 0.704208984375 0.12350735294117647 0.69642578125
0 0.07425 0.740087890625 0.07161764705882354 0.74802734375 0.07066176470588235 0.76501953125 0.08799264705882354 0.7659765625 0.09230147058823529 0.753583984375 0.08823529411764706 0.749140625
0 0.1741985294117647 0.72326171875 0.17108823529411765 0.731044921875 0.17336029411764706 0.75248046875 0.18316911764705884 0.75294921875 0.19153676470588235 0.736279296875 0.18699264705882354 0.725166015625
0 0.039213235294117646 0.79392578125 0.03191911764705882 0.80265625 0.032161764705882355 0.817421875 0.04196323529411765 0.817744140625 0.04889705882352941 0.8050390625 0.04471323529411765 0.794873046875
0 0.10377941176470587 0.810908203125 0.09803676470588236 0.82076171875 0.09899264705882353 0.839970703125 0.11011764705882353 0.838701171875 0.11585294117647059 0.827744140625 0.11214705882352942 0.813291015625
0 0.11250735294117646 0.813291015625 0.11896323529411765 0.80662109375 0.13294852941176472 0.813291015625 0.1296029411764706 0.831875 0.1165735294117647 0.831240234375
0 0.09528676470588235 0.799794921875 0.08823529411764706 0.808056640625 0.08393382352941177 0.830126953125 0.09755882352941177 0.82853515625 0.10246323529411765 0.810595703125 0.10186764705882352 0.8050390625
0 0.16283823529411764 0.8737890625 0.17324264705882353 0.858388671875 0.17994117647058824 0.867919921875 0.18711029411764707 0.871728515625 0.17647058823529413 0.886181640625 0.1698970588235294 0.889833984375 0.16463235294117648 0.88474609375
0 0.16236029411764705 0.883798828125 0.1581764705882353 0.893486328125 0.153875 0.89888671875 0.15303676470588234 0.905712890625 0.16008823529411764 0.914765625 0.1708529411764706 0.914443359375 0.1756323529411765 0.905390625 0.17204411764705882 0.89919921875 0.1724044117647059 0.89078125
0 0.017213235294117647 0.8733203125 0.033 0.87109375 0.03527205882352941 0.881728515625 0.03025 0.895234375 0.018654411764705885 0.90189453125 0.012676470588235293 0.89681640625
0 0.012433823529411765 0.809638671875 0.023794117647058823 0.7956640625 0.03132352941176471 0.80296875 0.031683823529411764 0.819013671875 0.023191176470588236 0.826787109375 0.012073529411764707 0.826474609375
0 0.10841176470588235 0.660224609375 0.10495588235294118 0.65396484375 0.10746323529411765 0.631005859375 0.12003676470588236 0.62140625 0.1326029411764706 0.63267578125 0.12129411764705883 0.660224609375
0 0.19168382352941177 0.67298828125 0.18547058823529414 0.680732421875 0.19358823529411762 0.694873046875 0.20436029411764706 0.689482421875 0.2106985294117647 0.671806640625
0 0.19155882352941175 0.671640625 0.18991176470588234 0.66373046875 0.19523529411764703 0.647900390625 0.21082352941176472 0.652783203125 0.21183823529411766 0.6667578125 0.20943382352941176 0.671806640625
0 0.19840441176470586 0.6928515625 0.19966911764705883 0.70345703125 0.21095588235294116 0.710537109375 0.21906617647058824 0.699755859375 0.21919117647058825 0.69201171875 0.21095588235294116 0.673662109375
0 0.26013970588235297 0.822666015625 0.24289705882352938 0.842705078125 0.2445514705882353 0.859375 0.2522794117647059 0.860380859375 0.2650882352941176 0.84505859375 0.2650882352941176 0.82822265625
0 0.26090441176470586 0.81998046875 0.25938235294117645 0.80078125 0.25875 0.793037109375 0.2710441176470588 0.78798828125 0.2764926470588235 0.791015625 0.2811838235294118 0.80533203125 0.2696470588235294 0.8219921875
0 0.2877794117647059 0.806337890625 0.2953823529411765 0.789833984375 0.3109779411764706 0.788662109375 0.3088235294117647 0.8110546875 0.29754411764705885 0.8208203125 0.2924705882352941 0.81357421875
0 0.2989338235294118 0.788486328125 0.2939926470588235 0.7719921875 0.2998235294117647 0.758515625 0.3040073529411765 0.75162109375 0.3131323529411765 0.7536328125 0.3135147058823529 0.77064453125 0.31427205882352943 0.784111328125
0 0.31731617647058824 0.78208984375 0.3251764705882353 0.76609375 0.3297426470588235 0.7546484375 0.32023529411764706 0.745390625 0.3138970588235294 0.752626953125 0.31414705882352945 0.77064453125 0.3150367647058823 0.78125
0 0.32377941176470587 0.8122265625 0.3260661764705882 0.799775390625 0.33151470588235293 0.788828125 0.3367132352941177 0.790849609375 0.34038970588235296 0.79943359375 0.3316397058823529 0.814755859375
0 0.21247794117647062 0.905 0.21006617647058823 0.918642578125 0.20803676470588237 0.928916015625 0.21640441176470587 0.93783203125 0.2306029411764706 0.92015625 0.22641911764705883 0.90466796875 0.2217279411764706 0.900625
0 0.3070514705882353 0.935146484375 0.31072794117647057 0.91796875 0.31668382352941177 0.91005859375 0.3236544117647059 0.907021484375 0.32555882352941173 0.925712890625 0.3180808823529412 0.938681640625 0.31059558823529415 0.942890625
0 0.3719558823529412 0.04361328125 0.36916911764705884 0.05404296875 0.37842647058823525 0.072568359375 0.39021323529411767 0.075263671875 0.3995955882352942 0.066005859375 0.39135294117647057 0.0493359375
0 0.393 0.047646484375 0.39794852941176473 0.02744140625 0.4046617647058824 0.025419921875 0.41341176470588237 0.03384765625 0.4167058823529412 0.04798828125 0.410625 0.0602734375 0.39908823529411763 0.064658203125
0 0.41619852941176466 0.044951171875 0.4307794117647059 0.048154296875 0.44130147058823527 0.05994140625 0.43788235294117644 0.072060546875 0.419625 0.07626953125 0.4113823529411765 0.061962890625
0 0.420639705882353 0.0764453125 0.41975 0.090078125 0.4236838235294118 0.103046875 0.43166911764705884 0.101865234375 0.437375 0.08115234375 0.4335735294117647 0.07240234375
0 0.4793382352941176 0.132001953125 0.46741911764705885 0.15271484375 0.4690661764705882 0.16685546875 0.4764191176470588 0.165341796875 0.4841544117647059 0.140595703125
0 0.5112794117647059 0.1215625 0.5152132352941177 0.10658203125 0.5261176470588235 0.0959765625 0.5297941176470589 0.10708984375 0.5297941176470589 0.12291015625 0.5214264705882353 0.13369140625 0.5141985294117647 0.13234375
0 0.5185073529411764 0.147666015625 0.5044338235294118 0.15810546875 0.5243382352941177 0.17712890625 0.5304779411764706 0.16583984375
0 0.376 0.121044921875 0.37163970588235296 0.128037109375 0.3714632352941176 0.136962890625 0.3839852941176471 0.150703125 0.39361029411764703 0.151669921875 0.39505882352941174 0.137685546875 0.3919779411764706 0.12490234375
0 0.39269852941176475 0.12490234375 0.39651470588235294 0.11935546875 0.40558823529411764 0.11935546875 0.41158088235294116 0.12828125 0.4099485294117647 0.149501953125 0.40650000000000003 0.158662109375 0.3930661764705883 0.150224609375 0.39505882352941174 0.137197265625
0 0.3928823529411765 0.150224609375 0.38380882352941176 0.16251953125 0.39033823529411765 0.184462890625 0.39887500000000004 0.18421875 0.4072279411764706 0.16734375 0.40558823529411764 0.1576953125
0 0.38416911764705886 0.1603515625 0.3774485294117647 0.162041015625 0.36964705882352944 0.184462890625 0.3689191176470588 0.199169921875 0.37799264705882357 0.2023046875 0.3916102941176471 0.1856640625
0 0.42955882352941177 0.23798828125 0.4212058823529412 0.244501953125 0.42011764705882354 0.25318359375 0.42901470588235296 0.260654296875 0.4368161764705883 0.254873046875 0.43845588235294114 0.24908203125
0 0.48983088235294114 0.22400390625 0.47894117647058826 0.2329296875 0.4756691176470588 0.239921875 0.4807573529411765 0.25173828125 0.4929191176470588 0.252939453125 0.49927205882352943 0.2469140625 0.5005441176470589 0.236064453125
0 0.4916470588235294 0.222314453125 0.48983088235294114 0.20640625 0.4934632352941177 0.1994140625 0.5007279411764706 0.200380859375 0.5061764705882352 0.212431640625 0.507264705882353 0.229794921875 0.5027205882352942 0.235341796875
0 0.46768382352941174 0.295380859375 0.45914705882352946 0.3083984375 0.46060294117647055 0.319736328125 0.4702279411764706 0.331787109375 0.4802132352941177 0.31587890625 0.47712499999999997 0.3040625
0 0.4624191176470588 0.3221484375 0.45533823529411765 0.346259765625 0.461875 0.354697265625 0.47004411764705883 0.353974609375 0.4740367647058824 0.34263671875 0.47204411764705884 0.33130859375
0 0.47258823529411764 0.3305859375 0.47911764705882354 0.317568359375 0.4858382352941176 0.31876953125 0.4878382352941177 0.340234375 0.4829338235294117 0.35638671875 0.47458088235294116 0.34939453125
0 0.33587500000000003 0.78896484375 0.34404411764705883 0.767021484375 0.3527573529411765 0.764853515625 0.36111029411764706 0.77787109375 0.3553014705882353 0.792099609375 0.34095588235294116 0.798369140625
0 0.34041176470588236 0.799814453125 0.3316985294117647 0.814287109375 0.33405882352941174 0.82802734375 0.34441176470588236 0.8301953125 0.35838970588235297 0.8048828125 0.35421323529411763 0.793544921875
0 0.36147058823529415 0.813798828125 0.3685514705882353 0.801982421875 0.37617647058823533 0.803671875 0.37073529411764705 0.83357421875 0.35421323529411763 0.83791015625
0 0.41612499999999997 0.7742578125 0.4097647058823529 0.800302734375 0.416485294117647 0.80994140625 0.4306470588235294 0.790654296875 0.42955882352941177 0.77232421875
0 0.4315514705882353 0.79017578125 0.43936029411764704 0.795712890625 0.43990441176470585 0.815009765625 0.429375 0.8273046875 0.4230220588235294 0.82392578125 0.41811764705882354 0.8077734375
0 0.4395441176470588 0.79306640625 0.44825735294117647 0.776669921875 0.4586029411764706 0.781005859375 0.4564264705882353 0.80416015625 0.4415367647058824 0.812353515625
0 0.37019117647058825 0.929541015625 0.3641985294117647 0.932431640625 0.3573014705882353 0.9500390625 0.36056617647058825 0.962099609375 0.3718235294117647 0.958720703125 0.38180882352941176 0.939912109375
0 0.37073529411764705 0.9276171875 0.374 0.911455078125 0.381625 0.90060546875 0.3943382352941176 0.902294921875 0.3952426470588235 0.912900390625 0.3881617647058823 0.9360546875 0.3801764705882353 0.93677734375
0 0.5876911764705882 0.201826171875 0.5965882352941176 0.19337890625 0.60875 0.19337890625 0.6132867647058824 0.209296875 0.5993088235294117 0.2247265625 0.5902352941176471 0.22400390625
0 0.6085661764705882 0.1938671875 0.6261764705882353 0.187353515625 0.631625 0.19337890625 0.6238235294117647 0.20591796875 0.6138308823529411 0.209541015625
0 0.6121985294117648 0.209775390625 0.6000367647058823 0.223046875 0.5998529411764706 0.22521484375 0.6023970588235295 0.23365234375 0.6205514705882353 0.23703125 0.6305367647058824 0.219912109375
0 0.6200073529411765 0.208818359375 0.6327132352941176 0.19265625 0.6439705882352941 0.199169921875 0.6352573529411765 0.217734375 0.6298088235294117 0.219912109375 0.6180073529411765 0.2107421875
0 0.5290514705882353 0.287421875 0.5401250000000001 0.284287109375 0.5430294117647059 0.293935546875 0.5384926470588235 0.3221484375 0.5277794117647059 0.31611328125 0.5268676470588235 0.295380859375
0 0.5437573529411764 0.29369140625 0.557735294117647 0.29369140625 0.5591838235294118 0.317080078125 0.555375 0.326962890625 0.542485294117647 0.325283203125 0.5403014705882353 0.32166015625
0 0.5419411764705883 0.326005859375 0.5350367647058824 0.340712890625 0.5417573529411764 0.353251953125 0.5521029411764706 0.353251953125 0.5568235294117647 0.342158203125 0.555735294117647 0.326962890625
0 0.5562794117647059 0.326484375 0.5590073529411764 0.318291015625 0.5728014705882353 0.321181640625 0.5773455882352941 0.337099609375 0.5702647058823529 0.350595703125 0.5573676470588235 0.342158203125
0 0.6563161764705883 0.24064453125 0.6428823529411765 0.246435546875 0.6459705882352941 0.262587890625 0.6523235294117646 0.267412109375 0.6579485294117646 0.259697265625 0.6606764705882353 0.24546875
0 0.6492352941176471 0.27126953125 0.6554117647058824 0.26572265625 0.6615808823529412 0.271748046875 0.6599485294117647 0.29080078125 0.6510514705882352 0.29490234375 0.6456029411764705 0.287421875
0 0.6614044117647059 0.27126953125 0.6722941176470588 0.261865234375 0.6806470588235294 0.268134765625 0.676110294117647 0.285498046875 0.6648529411764706 0.295859375 0.660860294117647 0.2888671875
0 0.666485294117647 0.2384765625 0.6721102941176471 0.223525390625 0.6826470588235294 0.22376953125 0.6864558823529412 0.23654296875 0.6826470588235294 0.2580078125 0.6751985294117647 0.260419921875 0.6681176470588235 0.247158203125
0 0.6704779411764706 0.217734375 0.6715661764705882 0.20640625 0.679014705882353 0.1994140625 0.689360294117647 0.201103515625 0.6911764705882353 0.220390625 0.685 0.227138671875 0.6726544117647059 0.223525390625
0 0.7412867647058823 0.248837890625 0.7371102941176471 0.256318359375 0.7329338235294117 0.279951171875 0.742375 0.285498046875 0.7536323529411765 0.267890625 0.7507279411764706 0.25318359375
0 0.7329338235294117 0.279462890625 0.7229485294117647 0.282841796875 0.7164117647058824 0.300205078125 0.7213161764705882 0.310810546875 0.7416470588235294 0.2973046875 0.7411029411764706 0.285732421875
0 0.5787941176470588 0.372294921875 0.5733455882352941 0.39134765625 0.575529411764706 0.404609375 0.5869632352941176 0.40798828125 0.6003970588235293 0.385556640625 0.5925955882352941 0.37037109375
0 0.5842426470588236 0.408466796875 0.5764338235294117 0.4226953125 0.575889705882353 0.435234375 0.5855147058823529 0.441982421875 0.5958602941176471 0.434267578125 0.5925955882352941 0.42076171875
0 0.5873308823529412 0.4075 0.5980367647058824 0.388935546875 0.6078455882352941 0.403408203125 0.6058455882352941 0.427998046875 0.5974926470588235 0.43451171875 0.5918676470588236 0.421005859375
0 0.6330808823529411 0.381943359375 0.626360294117647 0.389423828125 0.6267279411764706 0.415224609375 0.6352573529411765 0.4200390625 0.6443382352941176 0.411845703125 0.6445147058823529 0.39134765625
0 0.6446985294117646 0.388935546875 0.6503235294117647 0.38001953125 0.6579485294117646 0.383388671875 0.6565 0.408466796875 0.6503235294117647 0.419560546875 0.6445147058823529 0.4128125
0 0.6833676470588236 0.436201171875 0.6895441176470588 0.424140625 0.7000735294117647 0.4198046875 0.7060661764705882 0.431376953125 0.6977132352941177 0.442470703125 0.6848235294117647 0.4465625
0 0.6828235294117647 0.44583984375 0.6739264705882353 0.45548828125 0.6719338235294118 0.473330078125 0.6766544117647059 0.491171875 0.6844558823529412 0.489970703125 0.6884558823529412 0.47984375 0.689 0.4603125
0 0.7209485294117647 0.417626953125 0.7287573529411765 0.400751953125 0.7361985294117647 0.407265625 0.7432794117647059 0.415703125 0.7332941176470588 0.437646484375 0.7258529411764706 0.434267578125
0 0.5588235294117647 0.489482421875 0.5495661764705883 0.505400390625 0.5537426470588236 0.521796875 0.5620882352941177 0.52396484375 0.5659044117647059 0.510947265625 0.5668088235294118 0.496484375
0 0.5522867647058823 0.51962890625 0.5455735294117647 0.535546875 0.5510147058823529 0.54904296875 0.5653602941176471 0.549287109375 0.5673529411764706 0.533857421875 0.562639705882353 0.524208984375
0 0.5221470588235294 0.6471875 0.5148897058823529 0.66189453125 0.5183382352941177 0.673466796875 0.5265073529411765 0.67515625 0.5285073529411765 0.6681640625 0.5299558823529412 0.649833984375
0 0.5301397058823529 0.649599609375 0.534860294117647 0.6401953125 0.5417573529411764 0.642119140625 0.5452058823529412 0.66140625 0.5379411764705883 0.6766015625 0.5297720588235294 0.669853515625
0 0.542485294117647 0.638984375 0.5551911764705882 0.62572265625 0.5580955882352941 0.63416015625 0.5462941176470588 0.6599609375
0 0.5453897058823529 0.66044921875 0.5399411764705883 0.673466796875 0.5415735294117647 0.685283203125 0.5537426470588236 0.687451171875 0.5582794117647059 0.67177734375
0 0.5689926470588236 0.682392578125 0.5748014705882353 0.6626171875 0.5822426470588236 0.655859375 0.5858749999999999 0.672744140625 0.5826102941176471 0.693720703125 0.570985294117647 0.6934765625
0 0.5818823529411765 0.655380859375 0.5925955882352941 0.641396484375 0.5991249999999999 0.64525390625 0.6018529411764706 0.662861328125 0.5953161764705882 0.6737109375 0.5869632352941176 0.6725
0 0.5955 0.6737109375 0.5958602941176471 0.686484375 0.6051176470588235 0.689619140625 0.6132867647058824 0.681904296875 0.6127426470588235 0.673466796875 0.6051176470588235 0.66333984375
0 0.6040294117647059 0.658037109375 0.6141985294117647 0.640673828125 0.620735294117647 0.64380859375 0.6156470588235294 0.6737109375
0 0.6991617647058823 0.601611328125 0.6971691176470588 0.584736328125 0.7049779411764706 0.570263671875 0.7113308823529412 0.561103515625 0.7144117647058824 0.56833984375 0.7174999999999999 0.58255859375 0.7093308823529412 0.5984765625 0.7046102941176471 0.601611328125
0 0.6993455882352941 0.605947265625 0.6895441176470588 0.620419921875 0.6911764705882353 0.630068359375 0.6975294117647058 0.633681640625 0.7020661764705882 0.630546875 0.7044264705882353 0.605712890625
0 0.7058823529411765 0.60353515625 0.7111470588235294 0.5984765625 0.7198602941176471 0.60474609375 0.7193161764705882 0.6180078125 0.7066102941176471 0.637060546875 0.7042499999999999 0.630302734375
0 0.6795588235294118 0.7325390625 0.6929926470588236 0.72337890625 0.6975294117647058 0.739775390625 0.6913602941176471 0.754970703125 0.679014705882353 0.756416015625 0.6717500000000001 0.747255859375
0 0.6615808823529412 0.754482421875 0.6733823529411764 0.75111328125 0.6797352941176471 0.758828125 0.676110294117647 0.777392578125 0.6657573529411764 0.780771484375 0.6568602941176471 0.774736328125 0.6565 0.764130859375
0 0.6561397058823529 0.772568359375 0.6492352941176471 0.787041015625 0.6519632352941176 0.799091796875 0.6623088235294118 0.801025390625 0.6702941176470588 0.79234375 0.6672132352941176 0.780283203125
0 0.6764705882352942 0.7771484375 0.6804632352941176 0.756650390625 0.6909926470588236 0.754248046875 0.6975294117647058 0.764375 0.6902720588235294 0.789931640625 0.679014705882353 0.7855859375
0 0.6915367647058823 0.75255859375 0.6978970588235294 0.739052734375 0.7027941176470588 0.741708984375 0.7076985294117647 0.756416015625 0.6978970588235294 0.7658203125
0 0.6372573529411765 0.84611328125 0.6445147058823529 0.83091796875 0.6575882352941177 0.826337890625 0.6650294117647059 0.85021484375 0.6615808823529412 0.858896484375 0.6519632352941176 0.857685546875
0 0.64125 0.85166015625 0.633985294117647 0.866123046875 0.6401617647058824 0.88228515625 0.6485147058823529 0.87890625 0.6515955882352941 0.85671875
0 0.6525073529411765 0.858408203125 0.6517794117647059 0.85671875 0.6623088235294118 0.859130859375 0.666845588235294 0.87529296875 0.6570441176470588 0.889755859375 0.6476029411764705 0.879873046875
0 0.5482941176470588 0.831162109375 0.5522867647058823 0.814765625 0.5653602941176471 0.801982421875 0.5742573529411765 0.826103515625 0.5642720588235294 0.8371875 0.5575514705882353 0.836953125
0 0.548110294117647 0.833095703125 0.5462941176470588 0.835263671875 0.5437573529411764 0.852138671875 0.5430294117647059 0.86298828125 0.5528308823529412 0.86203125 0.5595514705882353 0.849248046875 0.5595514705882353 0.839365234375
0 0.6091176470588235 0.871669921875 0.6043970588235295 0.89505859375 0.6172867647058824 0.893134765625 0.620735294117647 0.877705078125 0.6156470588235294 0.87263671875
0 0.6229117647058823 0.903984375 0.6189191176470589 0.91603515625 0.6245441176470589 0.9333984375 0.633985294117647 0.937978515625 0.6378014705882352 0.924482421875 0.6358014705882353 0.90759765625 0.631625 0.900849609375
0 0.6267279411764706 0.962333984375 0.626360294117647 0.982353515625 0.6279926470588235 0.99126953125 0.6368897058823529 0.985966796875 0.6457867647058824 0.968125 0.6425220588235294 0.9611328125
0 0.6425220588235294 0.959921875 0.651235294117647 0.948349609375 0.6599485294117647 0.957998046875 0.6481470588235294 0.967158203125
0 0.5299558823529412 0.95775390625 0.5437573529411764 0.9529296875 0.5550073529411764 0.95365234375 0.5546470588235295 0.9666796875 0.5437573529411764 0.9724609375 0.5334044117647059 0.973671875
0 0.5065367647058824 0.95220703125 0.5025441176470589 0.968359375 0.4932794117647059 0.983798828125 0.4983676470588235 0.990546875 0.5145220588235294 0.984033203125 0.5190661764705882 0.963056640625
0 0.7196838235294117 0.6850390625 0.7158676470588236 0.71494140625 0.738014705882353 0.718076171875 0.7429191176470589 0.697822265625 0.7369264705882353 0.68166015625
0 0.7438235294117648 0.697578125 0.7371102941176471 0.711083984375 0.7409191176470588 0.717353515625 0.7525441176470589 0.7183203125 0.7563529411764707 0.706015625 0.7536323529411765 0.698056640625
0 0.7490955882352941 0.69541015625 0.7418308823529411 0.697099609375 0.7361985294117647 0.68166015625 0.7412867647058823 0.669853515625 0.7568970588235295 0.672021484375 0.7614411764705882 0.68431640625
0 0.7568970588235295 0.671533203125 0.7421911764705882 0.669365234375 0.744735294117647 0.646943359375 0.7547205882352942 0.636328125 0.7676102941176471 0.64453125 0.7697867647058824 0.651279296875
0 0.7686985294117648 0.64453125 0.7781397058823529 0.63609375 0.7888529411764705 0.626201171875 0.7991985294117647 0.635126953125 0.7919411764705883 0.655625 0.7797720588235294 0.65513671875
0 0.7556250000000001 0.63560546875 0.7549044117647059 0.6206640625 0.7450955882352941 0.6180078125 0.7331176470588235 0.636572265625 0.742014705882353 0.6486328125
0 0.7554485294117648 0.635126953125 0.7538161764705883 0.619931640625 0.76525 0.6095703125 0.7765073529411765 0.62234375 0.770514705882353 0.644287109375
0 0.7741470588235293 0.938701171875 0.7779558823529411 0.961611328125 0.7863088235294119 0.962578125 0.7886691176470587 0.95365234375 0.7943014705882353 0.949072265625 0.7850367647058825 0.935087890625 0.777235294117647 0.9331640625
0 0.7888529411764705 0.954619140625 0.7884926470588235 0.963779296875 0.8011985294117648 0.96740234375 0.8135441176470589 0.959921875 0.8075514705882353 0.94931640625 0.7966617647058823 0.946181640625
0 0.7770514705882353 0.9611328125 0.7703308823529412 0.96884765625 0.7699705882352942 0.980419921875 0.7795955882352941 0.985966796875 0.7870367647058822 0.98716796875 0.7866764705882354 0.9765625 0.7893970588235294 0.96619140625
0 0.7897573529411764 0.9669140625 0.8021029411764705 0.9669140625 0.8042867647058823 0.977529296875 0.8088235294117647 0.985966796875 0.8022867647058822 0.99681640625 0.788125 0.986689453125 0.7861323529411766 0.97462890625
0 0.44320588235294117 0.467060546875 0.4382058823529412 0.477646484375 0.4402279411764706 0.490576171875 0.4525294117647059 0.494345703125 0.4613161764705882 0.48447265625 0.4532058823529412 0.47029296875
0 0.4567205882352941 0.4514453125 0.46699264705882354 0.451982421875 0.47131617647058827 0.466337890625 0.46563970588235293 0.48177734375 0.45293382352941175 0.46849609375
0 0.47158823529411764 0.4665234375 0.4852426470588235 0.472265625 0.4849705882352941 0.486806640625 0.4721323529411765 0.492373046875 0.4665882352941176 0.481416015625
0 0.4610441176470588 0.4833984375 0.45441911764705883 0.49291015625 0.45875 0.509423828125 0.47294117647058825 0.515166015625 0.4733455882352941 0.49775390625
0 0.4746985294117647 0.49470703125 0.4829411764705882 0.48806640625 0.4884852941176471 0.5015234375 0.4846985294117647 0.518037109375 0.4740220588235294 0.51158203125 0.4726691176470589 0.5002734375
0 0.5061544117647059 0.833828125 0.49580147058823526 0.848974609375 0.49969852941176474 0.8611328125 0.5076544117647058 0.859931640625 0.5133529411764706 0.849970703125 0.5124558823529413 0.836015625
0 0.5049485294117647 0.83322265625 0.5045 0.814091796875 0.5118529411764706 0.8025390625 0.5187573529411764 0.80552734375 0.5190588235294117 0.828837890625 0.5117058823529411 0.83681640625
0 0.5129044117647058 0.799541015625 0.5130588235294118 0.791572265625 0.518610294117647 0.784794921875 0.5271617647058824 0.78798828125 0.5234117647058824 0.800546875 0.5174044117647059 0.805322265625
0 0.44433088235294116 0.9649609375 0.4575294117647059 0.946630859375 0.46203676470588234 0.955400390625 0.4621838235294118 0.966953125 0.44597794117647055 0.97970703125 0.4449264705882353 0.975927734375 0.4444779411764706 0.967353515625
0 0.5678235294117647 0.90119140625 0.5766838235294117 0.8884375 0.5876323529411764 0.884443359375 0.5877867647058823 0.90138671875 0.5771323529411765 0.916728515625
0 0.5778823529411764 0.92291015625 0.5721764705882353 0.939853515625 0.5744264705882353 0.956396484375 0.5906397058823529 0.95400390625 0.6027941176470588 0.92171875 0.5967867647058823 0.918525390625 0.5873382352941177 0.92470703125
0 0.3335735294117647 0.827900390625 0.32077941176470587 0.853154296875 0.3230514705882353 0.865380859375 0.33416911764705887 0.8634765625 0.34505147058823527 0.842509765625 0.3428970588235294 0.8298046875
0 0.7933088235294118 0.564033203125 0.805889705882353 0.5558984375 0.8104044117647059 0.570458984375 0.8171764705882352 0.58673828125 0.8113676470588236 0.595732421875 0.795889705882353 0.57431640625
0 0.7652573529411765 0.466806640625 0.7588014705882353 0.459091796875 0.7604191176470588 0.43896484375 0.763 0.429541015625 0.772029411764706 0.424404296875 0.7771838235294117 0.42654296875 0.772029411764706 0.459091796875
0 0.7778308823529411 0.42697265625 0.7846029411764706 0.42611328125 0.7949264705882352 0.441103515625 0.7897647058823529 0.459091796875 0.7849264705882353 0.465087890625 0.7733161764705883 0.459091796875
0 0.7936323529411764 0.436396484375 0.8016985294117647 0.435537109375 0.8116911764705883 0.445390625 0.8139485294117648 0.459091796875 0.805889705882353 0.471943359375 0.7933088235294118 0.46251953125 0.7897647058823529 0.45609375
0 0.7897647058823529 0.461240234375 0.7826691176470588 0.467666015625 0.7762205882352942 0.48650390625 0.7862132352941177 0.49935546875 0.795889705882353 0.483935546875 0.7991176470588235 0.471513671875
0 0.7742867647058823 0.459521484375 0.7658970588235293 0.467236328125 0.7675147058823529 0.4805078125 0.7729926470588235 0.48865234375 0.7849264705882353 0.466806640625
0 0.8503970588235293 0.533623046875 0.8526544117647058 0.545615234375 0.8610367647058823 0.5421875 0.8758676470588236 0.521201171875 0.8687794117647059 0.5053515625
0 0.8507132352941177 0.558037109375 0.8371691176470588 0.5674609375 0.8384632352941176 0.5798828125 0.8500735294117646 0.582880859375 0.8591029411764707 0.566171875
0 0.8597426470588235 0.565322265625 0.8729705882352942 0.56189453125 0.8774852941176471 0.579453125 0.8613602941176471 0.583310546875 0.8516838235294117 0.5781640625
0 0.8858676470588235 0.58673828125 0.886514705882353 0.6154296875 0.8974779411764705 0.6145703125 0.9026397058823529 0.59744140625 0.8942500000000001 0.58673828125
0 0.9190882352941177 0.545185546875 0.9152132352941177 0.56017578125 0.9174705882352941 0.5807421875 0.9239264705882353 0.579453125 0.9316617647058824 0.56189453125 0.9287573529411765 0.545615234375 0.9258602941176471 0.543046875
0 0.9165073529411765 0.5798828125 0.908764705882353 0.594443359375 0.9132794117647058 0.61072265625 0.9265 0.61115234375 0.9306985294117647 0.595302734375 0.9258602941176471 0.577744140625
0 0.8861911764705882 0.615 0.8774852941176471 0.625283203125 0.8832867647058823 0.63984375 0.8945735294117646 0.637705078125 0.897154411764706 0.623994140625 0.8913529411764706 0.6145703125
0 0.7784779411764706 0.82830078125 0.7858970588235293 0.812880859375 0.8023382352941177 0.8124609375 0.7962132352941176 0.83044921875 0.7878308823529412 0.837294921875 0.780735294117647 0.83515625
0 0.7887941176470589 0.8364453125 0.7887941176470589 0.8484375 0.7916985294117648 0.858291015625 0.808470588235294 0.850146484375 0.8097573529411765 0.833876953125 0.7987941176470588 0.82830078125
0 0.8107279411764705 0.833876953125 0.8142720588235295 0.82830078125 0.8271764705882353 0.832587890625 0.8320147058823529 0.849296875 0.823625 0.85486328125 0.8075 0.849296875
0 0.858779411764706 0.850576171875 0.8639411764705882 0.84158203125 0.8878014705882353 0.84287109375 0.8832867647058823 0.860859375 0.8726470588235293 0.868134765625
0 0.8787720588235295 0.87927734375 0.8874779411764706 0.87798828125 0.8913529411764706 0.88998046875 0.8871617647058824 0.90412109375 0.8758676470588236 0.90240234375 0.8697426470588234 0.88955078125
0 0.8878014705882353 0.874990234375 0.8916764705882353 0.869853515625 0.9003823529411764 0.868564453125 0.9045735294117647 0.862138671875 0.9119926470588234 0.882705078125 0.9029632352941176 0.892548828125 0.8919926470588234 0.88912109375
0 0.7829926470588234 0.89083984375 0.7907279411764707 0.8844140625 0.7984705882352942 0.88998046875 0.7936323529411764 0.918681640625 0.7778308823529411 0.9083984375
0 0.7117205882352942 0.808173828125 0.7159117647058824 0.81716796875 0.7149411764705883 0.827451171875 0.7297794117647058 0.8098828125 0.7204264705882353 0.79875 0.7152647058823529 0.79875
0 0.9145735294117646 0.9075390625 0.9277941176470588 0.898125 0.938110294117647 0.918681640625 0.9239264705882353 0.92767578125 0.9113455882352942 0.91568359375
0 0.9306985294117647 0.898974609375 0.9406911764705882 0.886552734375 0.9513382352941177 0.89126953125 0.9542352941176471 0.9092578125 0.9400441176470589 0.91611328125
0 0.8407205882352942 0.754638671875 0.8545882352941176 0.758916015625 0.855875 0.76919921875 0.8494264705882353 0.78162109375 0.8439411764705882 0.777333984375 0.8374926470588235 0.770478515625
0 0.8410441176470588 0.754638671875 0.8371691176470588 0.7494921875 0.8381397058823529 0.7370703125 0.8433014705882353 0.7263671875 0.8594264705882353 0.73322265625 0.8597426470588235 0.74564453125 0.8552279411764705 0.759775390625
0 0.8574852941176471 0.73107421875 0.865875 0.723798828125 0.8771617647058824 0.729365234375 0.8729705882352942 0.746494140625 0.860389705882353 0.746923828125
0 0.8613602941176471 0.746923828125 0.8565220588235294 0.758056640625 0.858779411764706 0.76919921875 0.873610294117647 0.773056640625 0.8800661764705883 0.749921875 0.8752279411764705 0.746494140625
0 0.9863382352941177 0.748759765625 0.9811176470588234 0.754541015625 0.9854705882352941 0.771298828125 0.9989558823529411 0.773037109375 0.9989558823529411 0.7580078125 0.9959117647058824 0.749921875
0 0.9867720588235294 0.771298828125 0.9876470588235294 0.8025 0.9985220588235294 0.797880859375 0.9950367647058823 0.773037109375
0 0.9476176470588236 0.835439453125 0.954139705882353 0.832548828125 0.9611029411764705 0.83775390625 0.9571911764705883 0.85740234375 0.9484852941176471 0.845263671875
0 0.9763308823529412 0.48064453125 0.9702426470588235 0.49451171875 0.9750294117647058 0.515888671875 0.9841617647058823 0.514736328125 0.9863382352941177 0.482373046875
0 0.9872058823529412 0.548251953125 0.9802500000000001 0.56962890625 0.9832941176470588 0.585234375 0.9976470588235293 0.579453125 0.9976470588235293 0.548251953125
0 0.8751470588235295 0.366474609375 0.8909044117647059 0.369462890625 0.8961617647058824 0.381416015625 0.8849044117647059 0.40234375 0.8758970588235294 0.3963671875 0.8691470588235294 0.380419921875
0 0.8393382352941177 0.3878125 0.8522647058823529 0.38865234375 0.8556544117647059 0.410322265625 0.8505661764705882 0.42017578125 0.8433602941176471 0.416796875 0.8365808823529411 0.4044140625
0 0.8274705882352941 0.350947265625 0.8228088235294118 0.36783203125 0.8236544117647059 0.37740234375 0.8300147058823529 0.38724609375 0.8389117647058824 0.385 0.8406102941176471 0.36783203125 0.837220588235294 0.3506640625
0 0.8221764705882354 0.335185546875 0.8128529411764706 0.3371484375 0.8062794117647059 0.362763671875 0.8075514705882353 0.375146484375 0.8128529411764706 0.37740234375 0.8230220588235294 0.361640625 0.8283161764705882 0.3506640625
0 0.8514191176470589 0.3230859375 0.857985294117647 0.310419921875 0.8740882352941176 0.30591796875 0.880235294117647 0.314921875 0.875360294117647 0.3371484375 0.8603161764705882 0.339970703125
0 0.8757058823529412 0.36587890625 0.8733529411764706 0.357314453125 0.8738676470588236 0.349716796875 0.8807132352941176 0.33857421875 0.8944191176470588 0.33884765625 0.9001470588235294 0.354873046875 0.8915588235294117 0.36859375
0 0.9010661764705883 0.35595703125 0.9133382352941177 0.355009765625 0.9150808823529412 0.36505859375 0.9121102941176471 0.375654296875 0.8937058823529412 0.378642578125 0.8915588235294117 0.369951171875
0 0.9098602941176471 0.35107421875 0.9231544117647059 0.337763671875 0.9352279411764707 0.35283203125 0.9265294117647058 0.36193359375 0.916 0.366552734375
0 0.8924779411764706 0.225166015625 0.8821470588235294 0.22896484375 0.8796911764705884 0.23806640625 0.8836838235294118 0.249609375 0.9034191176470588 0.24689453125 0.9041323529411764 0.2322265625
0 0.905875 0.23291015625 0.9199852941176471 0.228828125 0.9248970588235293 0.24349609375 0.9104779411764706 0.25640625 0.9043382352941177 0.247578125
0 0.9615073529411765 0.26142578125 0.9716323529411766 0.256806640625 0.9748014705882353 0.26998046875 0.9744926470588234 0.280439453125 0.9656985294117646 0.28302734375 0.9590514705882353 0.275556640625
0 0.8044264705882352 0.227607421875 0.8050367647058823 0.23861328125 0.8018676470588235 0.250966796875 0.8046323529411764 0.25654296875 0.8207867647058823 0.24919921875 0.819360294117647 0.236162109375 0.8094338235294117 0.227060546875
0 0.8224264705882353 0.251376953125 0.8291764705882353 0.25029296875 0.8384779411764706 0.253818359375 0.8415514705882353 0.271748046875 0.8292794117647059 0.281396484375 0.8216102941176471 0.277724609375 0.8191544117647058 0.266318359375
0 0.8473750000000001 0.1761328125 0.8445147058823529 0.189990234375 0.8517720588235295 0.20302734375 0.8633308823529413 0.201396484375 0.8663970588235294 0.196640625 0.8615955882352941 0.18115234375 0.8556617647058824 0.175859375
0 0.9810073529411765 0.24060546875 0.9711544117647058 0.257744140625 0.9772867647058823 0.27693359375 0.9888823529411765 0.27169921875 0.9941323529411764 0.25716796875 0.9923823529411765 0.2449609375
0 0.9572058823529411 0.917177734375 0.9734338235294117 0.90837890625 0.9817205882352942 0.92861328125 0.9585294117647059 0.944892578125
0 0.1338235294117647 0.6787109375 0.1323529411764706 0.6796875 0.13088235294117648 0.681640625 0.13014705882352942 0.6845703125 0.12794117647058822 0.69140625 0.12720588235294117 0.6943359375 0.12794117647058822 0.6982421875 0.13014705882352942 0.69921875 0.13529411764705881 0.69921875 0.13897058823529412 0.6943359375 0.13970588235294118 0.69140625 0.13970588235294118 0.6865234375 0.13897058823529412 0.6845703125 0.13529411764705881 0.6796875
0 0.0029411764705882353 0.55078125 0.0 0.55078125 0.0 0.58984375 0.0022058823529411764 0.58984375 0.004411764705882353 0.591796875 0.006617647058823529 0.591796875 0.008823529411764706 0.58984375 0.016911764705882352 0.578125 0.01764705882352941 0.576171875 0.01838235294117647 0.5654296875 0.01838235294117647 0.5625 0.01764705882352941 0.560546875 0.015441176470588236 0.55859375 0.013235294117647059 0.5576171875 0.011029411764705883 0.5556640625 0.0058823529411764705 0.548828125
0 0.021323529411764706 0.5361328125 0.01911764705882353 0.537109375 0.016176470588235296 0.5400390625 0.014705882352941176 0.541015625 0.0125 0.541015625 0.007352941176470588 0.5439453125 0.0058823529411764705 0.544921875 0.005147058823529412 0.5478515625 0.0058823529411764705 0.5498046875 0.006617647058823529 0.5517578125 0.009558823529411765 0.5546875 0.010294117647058823 0.5556640625 0.013235294117647059 0.560546875 0.015441176470588236 0.564453125 0.016911764705882352 0.5712890625 0.01764705882352941 0.56640625 0.01838235294117647 0.564453125 0.019852941176470587 0.5625 0.020588235294117647 0.5625 0.022058823529411766 0.560546875 0.023529411764705882 0.5576171875 0.02426470588235294 0.5498046875 0.025735294117647058 0.54296875 0.025735294117647058 0.5400390625 0.025735294117647058 0.5390625 0.025 0.5380859375 0.023529411764705882 0.537109375
0 0.5286764705882353 0.1640625 0.5264705882352941 0.1669921875 0.5264705882352941 0.16796875 0.5235294117647059 0.171875 0.5205882352941177 0.1728515625 0.5205882352941177 0.1787109375 0.5213235294117647 0.181640625 0.5220588235294118 0.18359375 0.5257352941176471 0.1884765625 0.5272058823529412 0.189453125 0.5286764705882353 0.1904296875 0.5301470588235294 0.1904296875 0.5330882352941176 0.193359375 0.5404411764705882 0.1923828125 0.5411764705882353 0.189453125 0.5411764705882353 0.18359375 0.5389705882352941 0.17578125 0.538235294117647 0.1728515625 0.5338235294117647 0.1669921875 0.5323529411764706 0.166015625
0 0.7514705882352941 0.2568359375 0.7514705882352941 0.2587890625 0.7507352941176471 0.259765625 0.7507352941176471 0.2685546875 0.7492647058823529 0.2734375 0.7485294117647059 0.275390625 0.7470588235294118 0.27734375 0.7463235294117647 0.28125 0.7448529411764706 0.2841796875 0.7433823529411765 0.2861328125 0.7404411764705883 0.2880859375 0.7397058823529412 0.2900390625 0.7389705882352942 0.2919921875 0.7397058823529412 0.2939453125 0.7411764705882353 0.29296875 0.7433823529411765 0.2919921875 0.7507352941176471 0.29296875 0.7529411764705882 0.29296875 0.7558823529411764 0.2919921875 0.7573529411764706 0.2900390625 0.7580882352941176 0.2880859375 0.7588235294117647 0.2861328125 0.7625 0.2744140625 0.763235294117647 0.271484375 0.763235294117647 0.267578125 0.7625 0.265625 0.7610294117647058 0.2646484375 0.7558823529411764 0.263671875 0.7544117647058823 0.2626953125 0.7522058823529412 0.259765625
0 0.7294117647058823 0.982421875 0.7264705882352941 0.9833984375 0.7242647058823529 0.984375 0.7227941176470588 0.9853515625 0.7220588235294118 0.986328125 0.7213235294117647 0.98828125 0.7205882352941176 0.990234375 0.7205882352941176 0.9970703125 0.7220588235294118 0.9990234375 0.7441176470588236 0.9990234375 0.7448529411764706 0.998046875 0.7463235294117647 0.9970703125 0.7455882352941177 0.9931640625 0.7441176470588236 0.9912109375 0.7389705882352942 0.98828125 0.736764705882353 0.9853515625 0.7323529411764705 0.982421875
0 0.9977941176470588 0.5126953125 0.9963235294117647 0.5146484375 0.9926470588235294 0.5205078125 0.9904411764705883 0.5244140625 0.9889705882352942 0.5283203125 0.9860294117647059 0.5322265625 0.9845588235294118 0.5361328125 0.9845588235294118 0.5380859375 0.9852941176470589 0.544921875 0.9875 0.548828125 0.9904411764705883 0.5478515625 0.9926470588235294 0.5458984375 0.9948529411764706 0.544921875 0.9992647058823529 0.544921875 0.9992647058823529 0.5126953125
0 0.9970588235294118 0.5771484375 0.9948529411764706 0.5810546875 0.9941176470588236 0.5810546875 0.9919117647058824 0.583984375 0.9911764705882353 0.5869140625 0.9904411764705883 0.591796875 0.9904411764705883 0.6044921875 0.9911764705882353 0.6064453125 0.9933823529411765 0.6083984375 0.9955882352941177 0.6083984375 0.9992647058823529 0.607421875 0.9992647058823529 0.576171875
0 0.1661764705882353 0.7431640625 0.16470588235294117 0.7451171875 0.16470588235294117 0.74609375 0.16323529411764706 0.748046875 0.1625 0.748046875 0.1610294117647059 0.75 0.16029411764705884 0.751953125 0.16029411764705884 0.7568359375 0.16176470588235295 0.7587890625 0.16544117647058823 0.7587890625 0.16691176470588234 0.7578125 0.16911764705882354 0.755859375 0.1713235294117647 0.75390625 0.17352941176470588 0.7490234375 0.1713235294117647 0.74609375 0.16911764705882354 0.744140625 0.1676470588235294 0.7431640625
0 0.04264705882352941 0.7685546875 0.04044117647058824 0.76953125 0.03897058823529412 0.7705078125 0.0375 0.771484375 0.03676470588235294 0.7724609375 0.03602941176470588 0.7744140625 0.03602941176470588 0.7802734375 0.03676470588235294 0.783203125 0.03823529411764706 0.7861328125 0.03823529411764706 0.79296875 0.03602941176470588 0.7958984375 0.0375 0.7958984375 0.03823529411764706 0.79296875 0.041176470588235294 0.79296875 0.04264705882352941 0.794921875 0.045588235294117645 0.8017578125 0.045588235294117645 0.8037109375 0.04632352941176471 0.8056640625 0.04779411764705882 0.8076171875 0.05073529411764706 0.8076171875 0.058823529411764705 0.8076171875 0.06102941176470588 0.8076171875 0.06470588235294118 0.802734375 0.06764705882352941 0.794921875 0.06764705882352941 0.7900390625 0.06544117647058824 0.787109375 0.060294117647058824 0.7841796875 0.058823529411764705 0.7822265625 0.05808823529411765 0.779296875 0.05588235294117647 0.7763671875 0.05367647058823529 0.7744140625 0.05 0.7724609375 0.04779411764705882 0.76953125 0.045588235294117645 0.7685546875
0 0.03897058823529412 0.880859375 0.0375 0.8828125 0.0375 0.884765625 0.03602941176470588 0.8876953125 0.03308823529411765 0.892578125 0.03235294117647059 0.89453125 0.03161764705882353 0.896484375 0.03161764705882353 0.8984375 0.030882352941176472 0.900390625 0.03161764705882353 0.904296875 0.03235294117647059 0.90625 0.03529411764705882 0.908203125 0.03676470588235294 0.908203125 0.03897058823529412 0.9072265625 0.04044117647058824 0.90625 0.04338235294117647 0.90234375 0.04485294117647059 0.8994140625 0.045588235294117645 0.896484375 0.04632352941176471 0.8935546875 0.04632352941176471 0.884765625 0.045588235294117645 0.8828125 0.04411764705882353 0.880859375
0 0.4338235294117647 0.96484375 0.43308823529411766 0.9658203125 0.43161764705882355 0.9658203125 0.4308823529411765 0.9677734375 0.42867647058823527 0.97265625 0.425 0.9814453125 0.425 0.984375 0.42720588235294116 0.9873046875 0.4345588235294118 0.9873046875 0.43676470588235294 0.9853515625 0.4389705882352941 0.9853515625 0.4426470588235294 0.9833984375 0.4441176470588235 0.9814453125 0.4441176470588235 0.98046875 0.4455882352941177 0.9755859375 0.44485294117647056 0.97265625 0.44485294117647056 0.96875 0.44338235294117645 0.96484375 0.4375 0.9658203125
0 0.7998014705882353 0.82673828125 0.8005000000000001 0.816845703125 0.8044558823529412 0.814375 0.8100441176470589 0.817158203125 0.811904411764706 0.816533203125 0.814235294117647 0.82302734375 0.8114411764705882 0.829521484375 0.8065514705882354 0.829208984375 0.8065514705882354 0.829208984375
0 0.7891029411764706 0.849912109375 0.7891029411764706 0.8421875 0.7895661764705882 0.83755859375 0.7870073529411764 0.836318359375 0.7823529411764706 0.83693359375 0.7797941176470589 0.8421875 0.7809558823529411 0.847138671875 0.7844485294117647 0.849609375 0.7844485294117647 0.849609375
0 0.8521617647058823 0.774501953125 0.8565882352941177 0.76708984375 0.8628676470588236 0.769873046875 0.8654264705882353 0.77357421875 0.8600735294117647 0.778525390625 0.8556544117647059 0.78099609375 0.8530955882352942 0.779140625 0.8530955882352942 0.779140625
0 0.7095588235294118 0.2060546875 0.7058823529411765 0.2080078125 0.7051470588235295 0.2109375 0.7051470588235295 0.2158203125 0.7058823529411765 0.2197265625 0.7066176470588236 0.2216796875 0.7161764705882353 0.2216796875 0.7169117647058824 0.2197265625 0.7176470588235294 0.2177734375 0.7183823529411765 0.21484375 0.7183823529411765 0.2099609375 0.7161764705882353 0.20703125 0.7132352941176471 0.2060546875
0 0.16084558823529413 0.290390625 0.15525735294117649 0.304482421875 0.15275 0.306708984375 0.14995588235294116 0.29892578125 0.14827941176470588 0.29447265625 0.15135294117647058 0.28890625 0.156375 0.286318359375 0.16084558823529413 0.286318359375 0.16084558823529413 0.286318359375
0 0.2728455882352941 0.453291015625 0.26858088235294114 0.457666015625 0.2654779411764706 0.461787109375 0.2656691176470588 0.46796875 0.26625000000000004 0.474150390625 0.2678014705882353 0.4775 0.27400735294117645 0.476728515625 0.2761397058823529 0.4718359375 0.2767279411764706 0.46771484375 0.2749779411764706 0.46359375 0.27400735294117645 0.4584375 0.27400735294117645 0.4584375
0 0.19705882352941176 0.5224609375 0.19411764705882353 0.5263671875 0.19264705882352942 0.529296875 0.19191176470588237 0.53125 0.19117647058823528 0.5341796875 0.19117647058823528 0.5400390625 0.19191176470588237 0.54296875 0.19338235294117648 0.5478515625 0.1948529411764706 0.5498046875 0.1963235294117647 0.55078125 0.19852941176470587 0.5498046875 0.20073529411764707 0.5478515625 0.2051470588235294 0.54296875 0.20588235294117646 0.5419921875 0.20661764705882352 0.5400390625 0.20661764705882352 0.53515625 0.20441176470588235 0.529296875 0.20220588235294118 0.5244140625 0.20073529411764707 0.5224609375
0 0.09485294117647058 0.671875 0.09117647058823529 0.677734375 0.08823529411764706 0.6826171875 0.08676470588235294 0.685546875 0.08676470588235294 0.6962890625 0.08823529411764706 0.7001953125 0.09191176470588236 0.7001953125 0.09411764705882353 0.69921875 0.09558823529411764 0.6982421875 0.1 0.693359375 0.10147058823529412 0.69140625 0.10220588235294117 0.6884765625 0.10220588235294117 0.685546875 0.10147058823529412 0.6826171875 0.10073529411764706 0.6806640625 0.09852941176470588 0.677734375 0.09779411764705882 0.6748046875
0 0.343625 0.82853515625 0.35041176470588237 0.821845703125 0.3558455882352941 0.810771484375 0.3589485294117647 0.81025390625 0.3608823529411765 0.81412109375 0.35874999999999996 0.827763671875 0.35777941176470585 0.83677734375 0.35448529411764707 0.841162109375 0.3482794117647059 0.8421875 0.343625 0.84064453125 0.3428529411764706 0.835234375 0.3422720588235294 0.831884765625 0.3422720588235294 0.831884765625
0 0.8279411764705882 0.80078125 0.8264705882352941 0.8017578125 0.825 0.8037109375 0.825 0.8125 0.8264705882352941 0.8154296875 0.8308823529411765 0.818359375 0.8323529411764706 0.818359375 0.8338235294117647 0.8173828125 0.8360294117647059 0.8154296875 0.8382352941176471 0.8134765625 0.8397058823529412 0.80859375 0.8397058823529412 0.806640625 0.8382352941176471 0.8046875 0.8338235294117647 0.8017578125 0.8316176470588236 0.80078125
0 0.8691176470588236 0.8662109375 0.8676470588235294 0.8671875 0.8676470588235294 0.8740234375 0.8639705882352942 0.8779296875 0.8632352941176471 0.8798828125 0.8639705882352942 0.884765625 0.8654411764705883 0.8857421875 0.8661764705882353 0.8857421875 0.8676470588235294 0.88671875 0.8683823529411765 0.8876953125 0.8683823529411765 0.888671875 0.8691176470588236 0.8896484375 0.8735294117647059 0.890625 0.8742647058823529 0.8857421875 0.8757352941176471 0.8828125 0.8772058823529412 0.880859375 0.8816176470588235 0.87890625 0.8786764705882353 0.8779296875 0.8772058823529412 0.876953125 0.8735294117647059 0.8720703125 0.8735294117647059 0.8701171875 0.8713235294117647 0.8671875
0 0.9717720588235293 0.2544140625 0.9633970588235294 0.25849609375 0.9611617647058824 0.251455078125 0.9617205882352942 0.238837890625 0.9639558823529412 0.22994140625 0.9726102941176471 0.22994140625 0.9765220588235294 0.23365234375 0.9795955882352941 0.23736328125 0.9784779411764706 0.246630859375 0.9768014705882353 0.249228515625 0.9768014705882353 0.249228515625
0 0.6263455882352942 0.9990234375 0.6299779411764705 0.9894921875 0.6397499999999999 0.98837890625 0.6408676470588236 0.994677734375 0.6417058823529412 0.997275390625 0.6417058823529412 0.997275390625
0 0.0 0.592265625 0.0072352941176470585 0.600810546875 0.007639705882352942 0.61095703125 0.00563235294117647 0.615771484375 0.0012058823529411764 0.619501953125 0.0012058823529411764 0.619501953125
0 0.0008014705882352942 0.268095703125 0.00925 0.270771484375 0.010860294117647058 0.28091796875 0.010051470588235294 0.285185546875 0.003213235294117647 0.28892578125 0.003213235294117647 0.28892578125
0 0.0008014705882352942 0.29373046875 0.007639705882352942 0.291591796875 0.012066176470588235 0.291591796875 0.015683823529411764 0.30173828125 0.013669117647058823 0.310283203125 0.008845588235294117 0.31669921875 0.002816176470588235 0.3204296875 0.002816176470588235 0.3204296875
